Index,Translation X [m],Translation Y [m], Translation Z [m],Velocity X [m/s], Velocity Y [m/s], Velocity Z [m/s],Angular acceleration X [rad/s^2],Angular acceleration Y [rad/s^2],Angular acceleration Z [rad/s^2],Roll [degrees],Pitch[degrees],Yaw[degrees]
1,0.000000,0.000000,0.000000,0.000000,0.000000,0.000000,0.315741,-0.937734,0.218343,-150.107437,-9.525673,34.672306
2,0.000000,0.000000,0.000000,0.000000,0.000000,0.000000,0.496495,-0.503681,1.610561,79.507576,28.013470,-0.000004
3,-0.000008,0.000068,-0.000028,-0.000588,0.005208,-0.002119,0.717962,3.055827,-3.237238,122.808258,1.217188,11.988866
4,-0.000004,0.000066,-0.000036,-0.000042,0.003290,-0.002223,-0.894569,-0.713039,0.937646,105.631065,34.973866,6.668966
5,-0.000004,0.000084,-0.000048,0.000036,0.003540,-0.002499,-0.824815,0.163913,-1.076052,160.347885,39.451164,41.710915
6,-0.000004,0.000104,-0.000061,0.000114,0.003869,-0.002775,0.618478,-0.560828,2.657476,144.710831,63.262924,29.386333
7,-0.000003,0.000139,-0.000070,0.000208,0.006028,-0.002243,-0.834477,-0.664939,-3.490630,-174.454346,24.937918,60.243229
8,-0.000002,0.000171,-0.000081,0.000289,0.006826,-0.002180,-0.122527,0.851177,3.367001,173.082062,49.177986,52.735115
9,-0.000000,0.000207,-0.000092,0.000370,0.007557,-0.002143,1.591642,1.247962,-2.815280,161.100693,-2.047032,47.471539
10,0.000000,0.000241,-0.000102,0.000209,0.007580,-0.002085,-0.819743,-0.993836,3.580323,157.879013,7.855553,47.730686
11,0.000011,0.000264,0.000060,0.000418,0.009361,0.001249,2.133141,-0.624459,-3.452137,-175.876358,-25.760584,42.966991
12,0.000013,0.000313,0.000066,0.000424,0.010183,0.001344,-0.104894,-1.044593,2.886770,-144.325912,-43.113937,24.207634
13,0.000015,0.000364,0.000071,0.000431,0.010834,0.001271,-2.162234,1.540796,-2.119425,179.410416,-3.502857,39.478367
14,0.000017,0.000418,0.000076,0.000437,0.011435,0.001149,2.731398,-2.303104,2.282895,-145.394745,-38.099346,25.757778
15,0.000019,0.000475,0.000078,0.000441,0.012013,0.000860,-3.887277,5.109630,-1.955203,171.713638,-12.209034,44.767067
16,0.000022,0.000535,0.000076,0.000446,0.012609,0.000416,2.146331,-6.062198,1.374148,-135.212921,-26.775232,25.669512
17,0.000024,0.000606,0.000085,0.000456,0.014119,0.001537,-2.333562,5.610103,-0.228807,-174.890625,-18.587690,40.938770
18,0.000039,0.000167,-0.000042,0.001045,0.007547,-0.004672,1.249233,-3.892089,-1.894067,-127.581436,-17.372950,26.022646
19,0.000044,0.000207,-0.000069,0.001092,0.008495,-0.005570,1.308349,3.179754,1.765030,-139.833832,-50.007652,34.176399
20,0.000050,0.000250,-0.000092,0.001135,0.009139,-0.005627,0.137207,-2.751192,-0.193570,-101.808846,-14.701153,12.988559
21,0.000055,0.000298,-0.000120,0.001182,0.009976,-0.005975,-1.221264,2.070910,-0.983048,-131.077225,1.538170,17.189924
22,0.000061,0.000351,-0.000150,0.001229,0.010855,-0.006342,3.144637,-1.169236,0.746440,-104.681847,-46.336586,6.801980
23,0.000069,0.000405,-0.000177,0.001516,0.011444,-0.006062,-1.232913,0.024287,2.038573,-54.913033,-23.615154,-23.246315
24,0.000007,0.000202,0.000008,0.000393,0.005737,-0.001691,-3.460227,1.201464,-5.197730,-86.314011,-7.209485,-13.935059
25,0.000009,0.000231,-0.000001,0.000475,0.006242,-0.001797,2.948927,0.555237,5.394040,-34.528191,-27.200737,-30.024677
26,0.000015,0.000281,-0.000009,0.000858,0.008754,-0.001827,-3.308497,-3.034745,-4.072662,-76.388634,-2.432301,-18.449411
27,0.000019,0.000324,-0.000016,0.001038,0.009680,-0.001677,2.460607,2.302689,1.900802,-37.705276,-34.850098,-31.807196
28,0.000025,0.000374,-0.000024,0.001218,0.010736,-0.001676,-0.328495,1.607213,0.201241,16.706881,-28.525837,-62.193554
29,0.000030,0.000421,-0.000033,0.001149,0.010451,-0.001467,0.972769,-4.195148,-1.029225,-43.466393,-37.477703,-27.013275
30,0.000036,0.000475,-0.000041,0.001230,0.010967,-0.001187,1.138955,3.894179,0.422072,27.425291,-48.478237,-79.282822
31,0.000025,0.000169,0.000028,0.001033,0.005744,-0.001173,-0.633006,-0.776471,-0.823496,-3.291080,-63.424164,-53.726772
32,0.000030,0.000200,0.000021,0.001105,0.006438,-0.001316,0.086800,0.519017,1.712221,14.200581,-17.826956,-65.904099
33,0.000033,0.000242,0.000016,0.000857,0.007852,-0.001251,-1.173799,-0.664578,-3.879925,18.813650,-19.114698,-67.503960
34,0.000037,0.000281,0.000009,0.000833,0.008321,-0.001297,-0.246226,-0.365614,6.216278,-1.820235,0.694115,-63.953709
35,0.000041,0.000319,0.000003,0.000809,0.008609,-0.001336,1.303365,-0.786937,-6.531392,-10.299960,-9.476866,-63.388214
36,0.000045,0.000354,-0.000005,0.000783,0.008223,-0.001601,-3.951097,1.339535,5.244145,9.089852,28.683254,-59.852062
37,0.000049,0.000396,-0.000013,0.000759,0.008728,-0.001829,1.829386,-2.146914,-3.192223,-15.331726,27.717937,-71.667503
38,-0.000011,0.000236,0.000056,-0.000391,0.009125,-0.000813,-1.280237,3.362122,1.285825,43.517372,27.674547,-41.732792
39,-0.000018,0.000275,0.000046,-0.001046,0.009244,-0.001560,3.537341,-5.439032,-2.173297,21.772196,20.338032,-50.705482
40,-0.000024,0.000321,0.000041,-0.001292,0.009873,-0.001493,-3.002715,4.753515,2.760489,56.044701,28.306940,-35.941547
41,-0.000031,0.000370,0.000037,-0.001538,0.010458,-0.001481,2.976747,-2.020847,-2.376275,67.270340,12.268898,-31.765018
42,-0.000040,0.000420,0.000037,-0.001785,0.010861,-0.000754,-1.840377,1.877347,1.027651,61.768265,38.973778,-33.843639
43,-0.000049,0.000476,0.000033,-0.002031,0.011511,-0.000722,0.614956,-3.308850,0.298330,11.959776,50.685837,-69.796509
44,-0.000052,0.000206,0.000036,-0.002087,0.007950,-0.002042,-3.868297,3.802731,0.061586,78.264397,49.420452,-16.524399
45,-0.000063,0.000248,0.000027,-0.002326,0.008878,-0.002092,2.133527,-1.989805,-2.259607,121.295273,47.989765,16.338787
46,-0.000069,0.000280,0.000028,-0.001903,0.008417,-0.001008,-3.443668,-1.927973,2.305620,-13.635419,75.787132,-114.610321
47,-0.000078,0.000325,0.000027,-0.001948,0.009134,-0.000539,5.921885,4.436964,-1.609852,66.909782,60.568733,-37.722485
48,-0.000088,0.000374,0.000029,-0.001993,0.009867,0.000031,-2.553044,-3.341516,1.944432,-43.059265,55.040524,-138.215134
49,-0.000098,0.000429,0.000036,-0.002035,0.010958,0.001043,2.259402,2.486540,-1.816704,-17.021921,70.930328,-114.945793
50,-0.000108,0.000486,0.000043,-0.002081,0.011659,0.001511,1.672428,-1.883439,2.104587,-35.400242,21.133165,-129.352158
51,-0.000020,0.000186,0.000034,-0.000201,0.006027,-0.001324,-0.409006,1.097188,-0.613303,-0.752826,49.593155,-107.911652
52,-0.000018,0.000222,0.000027,0.000089,0.007129,-0.001287,-0.453967,-1.899698,-0.330652,-73.723389,36.460835,-161.920364
53,-0.000017,0.000260,0.000022,0.000174,0.007921,-0.001159,-2.262630,1.081852,-0.885266,-154.773941,80.510208,121.863068
54,-0.000016,0.000303,0.000017,0.000260,0.008781,-0.001032,-0.544423,-1.192836,1.394859,-45.596699,41.638000,-133.240204
55,-0.000015,0.000351,0.000005,0.000348,0.009795,-0.002094,-0.324643,2.060171,-1.746974,-20.285288,81.898911,-109.670341
56,-0.000013,0.000402,-0.000007,0.000433,0.010546,-0.002634,-1.253240,-3.845755,3.095626,-49.732368,33.257236,-137.129532
57,-0.000010,0.000456,-0.000022,0.000518,0.011199,-0.003283,0.197304,3.661716,-3.408873,-55.831768,62.019939,-142.209961
58,0.000089,0.000232,0.000079,0.002397,0.008091,-0.001600,0.221004,-0.849276,2.029389,-27.899349,14.777432,-123.171715
59,0.000097,0.000274,0.000079,0.002174,0.008803,-0.001123,1.684765,-1.997739,-1.960810,-70.868401,-10.472200,-124.709480
60,0.000108,0.000318,0.000074,0.002190,0.009373,-0.001054,1.721473,2.881624,4.499507,-17.056356,-22.251156,-140.977951
61,0.000119,0.000363,0.000071,0.002207,0.009775,-0.000967,-0.172213,-1.338954,-5.200417,-52.225842,-34.249516,-123.716278
62,0.000128,0.000406,0.000072,0.001975,0.009601,-0.000144,0.865396,0.262170,2.716570,-3.562946,-21.980890,-147.893539
63,0.000138,0.000455,0.000072,0.001895,0.010085,0.000162,-0.272125,0.544736,-1.614792,13.938302,-32.458286,-155.926193
64,0.000006,0.000206,0.000066,-0.000781,0.008230,-0.000637,-2.099199,0.069931,1.778065,7.191676,19.115896,-155.333527
65,0.000008,0.000244,0.000057,-0.000284,0.008640,-0.001186,0.077159,2.228509,-2.359372,53.164040,22.721725,-138.066040
66,0.000006,0.000287,0.000049,-0.000203,0.009294,-0.001590,0.312503,-4.699435,3.138104,-0.898094,17.596951,-158.051758
67,0.000006,0.000333,0.000037,-0.000123,0.009847,-0.002045,-4.329301,2.063642,-3.880772,32.231346,61.001781,-135.163895
68,0.000005,0.000373,0.000027,-0.000050,0.009388,-0.002194,3.612982,1.068929,3.707964,22.531748,10.217697,-141.298294
69,0.000005,0.000421,0.000016,0.000029,0.009859,-0.002462,-1.942018,-1.560803,-2.786030,14.879775,46.988762,-145.131256
70,0.000005,0.000472,0.000003,0.000108,0.010360,-0.002738,2.926311,0.048982,1.660671,9.526444,-3.153501,-147.286499
71,0.000018,0.000154,0.000095,0.000612,0.004928,0.001381,-1.035453,1.120248,-0.896837,50.027527,24.642492,-139.073288
72,0.000022,0.000183,0.000096,0.000691,0.005808,0.001242,2.988616,-2.351669,0.993081,19.969786,-8.727404,-143.797928
73,0.000025,0.000214,0.000104,0.000779,0.006544,0.001664,-1.849408,4.025514,-1.409494,68.817009,12.464944,-142.011337
74,0.000030,0.000249,0.000114,0.000867,0.007302,0.002228,2.483298,-4.879289,0.987625,42.225964,-3.753481,-144.125732
75,0.000033,0.000292,0.000131,0.000719,0.008563,0.003083,-3.340410,4.010978,-0.713017,80.559212,29.751852,-134.559662
76,0.000036,0.000337,0.000146,0.000710,0.009454,0.003384,2.487624,-4.098446,0.117647,70.373810,27.176420,-139.413330
77,0.000040,0.000386,0.000163,0.000701,0.010360,0.003616,-5.203712,3.051821,0.285703,82.948494,56.647560,-130.294846
78,0.000019,0.000215,0.000053,0.000533,0.007202,-0.002088,4.003850,0.436174,1.127130,68.546028,20.375477,-139.806763
79,0.000022,0.000254,0.000041,0.000616,0.008053,-0.002598,-3.324931,-0.640137,-2.716436,120.706703,57.820683,-103.928131
80,0.000025,0.000298,0.000027,0.000700,0.008992,-0.003015,2.452585,-2.541940,2.665177,69.847900,73.956406,-151.628113
81,0.000028,0.000349,0.000023,0.000546,0.010271,-0.002017,-2.925503,5.252547,-1.859977,107.340431,36.175610,-118.237480
82,0.000030,0.000402,0.000012,0.000534,0.011180,-0.002200,4.782029,-5.390837,0.211137,120.536301,29.176098,-110.971161
83,0.000033,0.000461,-0.000001,0.000522,0.012162,-0.002476,-2.824317,3.936826,2.094195,71.635506,33.943573,-137.063614
84,0.000034,0.000523,-0.000018,0.000266,0.013011,-0.003179,1.722347,-3.254117,-2.708296,97.925758,41.055939,-120.592476
85,0.000000,0.000166,0.000096,-0.000089,0.005319,0.000888,-0.369609,4.312193,1.046034,77.860588,8.774471,-129.908142
86,0.000000,0.000194,0.000103,-0.000105,0.005876,0.001211,-1.226148,-5.162964,1.406901,50.030621,26.356188,-139.106155
87,-0.000000,0.000225,0.000112,-0.000122,0.006460,0.001551,-0.937148,6.116039,-1.357162,93.652985,12.391591,-123.856155
88,-0.000001,0.000256,0.000044,-0.000147,0.006812,-0.003272,1.077750,-5.635700,-0.149639,98.986641,13.927856,-122.938347
89,-0.000002,0.000291,0.000036,-0.000166,0.007288,-0.003500,-2.297868,3.063698,0.451633,82.698647,35.350780,-129.780777
90,-0.000003,0.000328,0.000024,-0.000184,0.007773,-0.003862,2.832170,-3.037285,0.012207,76.703529,27.588493,-132.870041
91,-0.000012,0.000187,0.000082,-0.000282,0.007060,-0.000447,0.245636,3.280832,0.098040,87.094078,-1.724637,-130.520660
92,-0.000013,0.000224,0.000081,-0.000295,0.007827,-0.000381,-1.305290,-2.386080,-1.191380,107.984810,20.942484,-127.115486
93,-0.000014,0.000264,0.000080,-0.000309,0.008563,-0.000360,0.222837,0.593887,2.340618,54.122795,9.679334,-142.396057
94,-0.000016,0.000311,0.000063,-0.000331,0.009543,-0.001462,1.701327,-0.062249,-1.727509,85.471848,-23.474453,-146.238297
95,-0.000018,0.000358,0.000057,-0.000347,0.010226,-0.001607,-1.267806,1.567959,0.586084,73.952637,23.092352,-145.897568
96,-0.000020,0.000409,0.000056,-0.000361,0.010970,-0.001482,-0.186779,-4.916342,-0.561214,61.195820,46.359722,-153.048050
97,-0.000021,0.000461,0.000068,-0.000378,0.011200,0.000090,-0.594378,5.889766,0.859105,79.774620,11.405272,-143.041229
98,-0.000007,0.000179,0.000034,0.000002,0.005994,-0.000852,1.337972,-3.803025,-1.338106,88.493050,4.292735,-142.671921
99,-0.000007,0.000210,0.000032,-0.000010,0.006541,-0.000441,-0.617646,4.643616,2.178382,65.854301,6.755684,-145.259079
100,-0.000007,0.000243,0.000033,-0.000023,0.007058,0.000044,0.449843,-5.686016,-2.072270,61.777699,9.195005,-146.074707
101,-0.000007,0.000278,0.000042,-0.000037,0.007428,0.001061,-0.331995,4.280882,0.044194,87.685326,4.768612,-142.777344
102,-0.000007,0.000316,0.000046,-0.000053,0.007951,0.001317,1.369257,-1.324345,0.414909,73.191467,-30.415592,-139.147324
103,-0.000007,0.000357,0.000053,-0.000070,0.008498,0.001679,-0.282066,0.184267,0.786221,31.698473,3.067687,-128.220596
104,-0.000007,0.000183,0.000031,0.000320,0.006652,-0.001711,-1.889667,0.891866,-1.191681,70.255859,42.082085,-112.326775
105,-0.000005,0.000218,0.000022,0.000400,0.007390,-0.001823,3.557805,1.236421,-0.183607,77.688225,-6.283629,-109.973099
106,-0.000003,0.000257,0.000013,0.000482,0.008172,-0.001882,-4.085107,-3.975124,2.997882,44.349777,24.325422,-115.573135
107,-0.000003,0.000303,0.000016,0.000269,0.009259,-0.000610,1.529200,4.098926,-3.665715,94.941879,3.364629,-102.406105
108,-0.000002,0.000349,0.000011,0.000254,0.009880,-0.000546,1.483552,-2.268845,1.998429,64.644051,-17.917049,-98.085899
109,-0.000000,0.000399,0.000008,0.000240,0.010581,-0.000395,-2.978293,0.520806,-0.396816,75.291504,33.294178,-96.159485
110,0.000001,0.000452,0.000003,0.000223,0.011130,-0.000555,3.704013,-2.251463,0.221829,65.572166,8.145136,-99.354950
111,-0.000004,0.000196,0.000123,0.000173,0.007333,0.001734,-4.048969,3.053461,0.126511,81.801460,45.840137,-91.867203
112,-0.000003,0.000234,0.000131,0.000161,0.008210,0.001810,3.387883,-1.880802,-0.829165,90.995377,31.503986,-86.501648
113,-0.000002,0.000278,0.000140,0.000148,0.009114,0.001911,-2.150636,0.619512,1.343007,40.111565,54.332287,-122.946091
114,-0.000002,0.000322,0.000144,0.000132,0.009588,0.001448,1.223320,-0.128533,0.503802,23.839014,13.339104,-132.501816
115,-0.000001,0.000373,0.000151,0.000120,0.010502,0.001428,-0.158378,0.195592,-3.375362,52.218616,25.512714,-122.595825
116,-0.000000,0.000431,0.000160,0.000108,0.011547,0.001468,0.853683,-1.673329,3.223572,2.142952,3.501497,-135.715622
117,0.000002,0.000495,0.000168,0.000338,0.012622,0.001477,-2.875798,0.549571,-3.551619,12.296384,40.764370,-131.477066
118,-0.000011,0.000145,0.000060,0.000309,0.004300,-0.001428,2.361315,3.146310,4.190458,30.328293,-6.946379,-126.032951
119,-0.000009,0.000166,0.000053,0.000386,0.004519,-0.001519,-1.345090,-2.986035,-4.551009,27.577768,-0.457065,-126.524437
120,-0.000007,0.000187,0.000051,0.000470,0.004611,-0.001150,-0.872410,1.050612,4.045124,14.868602,11.120205,-128.057465
121,-0.000005,0.000213,0.000045,0.000551,0.005159,-0.001185,0.656911,0.351648,-2.950185,35.400337,8.362560,-124.729286
122,-0.000002,0.000242,0.000039,0.000633,0.005711,-0.001190,-0.857729,0.095707,2.570251,4.971969,17.775606,-131.882172
123,0.000002,0.000281,0.000030,0.000717,0.007315,-0.001592,0.632851,-1.939349,-1.954897,-31.144156,15.462023,-142.667557
124,-0.000008,0.000142,0.000023,0.000590,0.005161,-0.002988,-0.421197,1.689859,1.684790,21.986731,13.993638,-128.042206
125,-0.000005,0.000170,0.000007,0.000668,0.005776,-0.003306,-0.806300,-0.862451,-2.004816,20.247108,45.217304,-129.226898
126,-0.000001,0.000193,-0.000003,0.000740,0.005421,-0.002785,0.608781,0.313338,-0.016880,41.996040,3.822853,-119.519592
127,0.000003,0.000220,-0.000017,0.000816,0.005608,-0.002785,0.666342,0.476442,1.171571,24.378925,-24.726244,-116.330734
128,0.000007,0.000247,-0.000031,0.000892,0.005753,-0.002787,-1.245867,0.393542,-0.853424,48.314819,7.467363,-120.202896
129,0.000012,0.000275,-0.000047,0.000968,0.005887,-0.002888,2.043233,-2.200496,1.319626,6.963147,-22.844948,-114.188690
130,0.000014,0.000327,-0.000061,0.000765,0.008801,-0.002645,-0.403975,2.779070,-1.304029,59.570808,-13.949681,-132.109970
131,-0.000009,0.000153,0.000052,0.000308,0.006815,-0.001611,0.010393,-1.702711,1.095845,9.436213,-15.037878,-118.967644
132,-0.000007,0.000189,0.000043,0.000288,0.007732,-0.001845,-0.742646,0.926777,-2.655608,36.168926,-12.253434,-125.307899
133,-0.000006,0.000206,0.000034,0.000257,0.006230,-0.001918,-1.675681,-0.723683,3.419024,-0.163531,17.721132,-127.063423
134,-0.000005,0.000239,0.000024,0.000235,0.006689,-0.002030,1.617861,0.159431,-2.542766,2.682771,3.321512,-126.624817
135,-0.000003,0.000274,0.000013,0.000212,0.007106,-0.002211,-2.309717,1.422606,0.813044,36.111694,43.607506,-111.994484
136,-0.000002,0.000318,0.000002,0.000192,0.008383,-0.002259,1.718456,-0.731180,0.553723,12.063755,5.959039,-122.658417
137,-0.000001,0.000361,-0.000009,0.000170,0.009107,-0.002332,-0.159300,0.163790,-0.429555,43.386776,27.085737,-113.406342
138,-0.000106,0.000148,0.000032,-0.001592,0.004820,-0.001048,1.410131,-2.133185,0.007159,9.067961,10.035044,-124.830200
139,-0.000111,0.000186,0.000037,-0.001332,0.006818,0.000165,0.432187,0.473196,-0.402794,46.926453,-16.822191,-127.086601
140,-0.000118,0.000221,0.000039,-0.001270,0.007683,0.000579,0.414928,0.323853,2.573432,11.069892,-10.254050,-118.493378
141,-0.000124,0.000258,0.000043,-0.001209,0.008404,0.000989,0.436899,0.555338,-3.395288,32.163502,-25.484358,-125.090767
142,-0.000130,0.000299,0.000048,-0.001147,0.009140,0.001371,-1.073362,-0.389382,1.783373,1.227802,15.099078,-121.871773
143,-0.000138,0.000336,0.000046,-0.001377,0.008856,0.000668,-0.318536,0.581604,1.301463,23.150331,13.016940,-116.486519
144,0.000018,0.000164,0.000109,0.001447,0.005022,0.000838,-1.866251,-0.556625,-3.945379,41.428360,45.346252,-107.100960
145,0.000025,0.000192,0.000112,0.001431,0.005513,0.000727,2.472851,2.598014,3.687857,37.299461,-6.036951,-108.856987
146,0.000032,0.000243,0.000112,0.001420,0.008127,0.000322,-0.342277,-3.459692,-1.252470,7.282862,-5.028910,-105.745041
147,0.000039,0.000285,0.000115,0.001406,0.009124,0.000381,-2.727918,1.862239,-0.232307,42.132172,36.937862,-94.972878
148,0.000046,0.000334,0.000118,0.001392,0.010182,0.000338,4.272301,0.475561,0.620139,41.686466,-11.040106,-94.934158
149,0.000053,0.000385,0.000123,0.001372,0.010783,0.000990,-3.933094,-3.693483,-2.085598,28.601744,19.048151,-95.509575
150,0.000060,0.000441,0.000129,0.001355,0.011483,0.001421,5.907082,4.911794,4.260357,42.738621,-27.051020,-96.241325
151,0.000069,0.000045,-0.000036,0.001345,0.004108,-0.001287,-4.684381,-5.219539,-5.305551,41.950439,-22.297943,-97.058968
152,0.000075,0.000050,-0.000035,0.001319,0.002816,-0.000299,3.479262,5.391129,3.234041,59.384155,-28.925146,-105.654747
153,0.000082,0.000067,-0.000040,0.001299,0.003103,-0.000275,-4.817886,-4.030156,-1.652347,54.510693,-10.545259,-104.965492
154,0.000088,0.000083,-0.000043,0.001280,0.003282,-0.000193,2.845235,2.298947,-0.299414,86.668350,-44.512112,-121.797264
155,0.000094,0.000099,-0.000045,0.001262,0.003329,0.000028,-1.360721,0.476345,2.180053,45.461815,-7.069718,-102.713722
156,0.000101,0.000139,-0.000048,0.001259,0.006270,-0.000345,-0.491774,-3.342309,-2.095312,33.681164,-6.900567,-102.372383
157,0.000107,0.000170,-0.000046,0.001246,0.007180,-0.000073,0.742555,1.014649,1.134961,42.056950,-25.339010,-105.518333
158,-0.000045,0.000127,-0.000053,-0.001286,0.006946,0.000129,-0.048692,2.149194,-0.891623,92.676605,-8.445259,-122.379524
159,-0.000052,0.000159,-0.000059,-0.001316,0.007310,-0.000271,1.141301,-1.232225,1.035964,58.355194,-41.414627,-107.407387
160,-0.000058,0.000198,-0.000060,-0.001344,0.008022,-0.000283,-1.600566,-2.826425,-0.897739,39.109646,-51.469852,-93.869125
161,-0.000065,0.000240,-0.000065,-0.001372,0.008769,-0.000569,0.082623,6.205491,1.554369,69.962448,-12.330317,-111.767418
162,-0.000072,0.000290,-0.000079,-0.001399,0.009890,-0.001874,1.432010,-5.711407,-1.936814,68.337891,-36.343571,-111.088821
163,-0.000079,0.000341,-0.000089,-0.001427,0.010636,-0.002108,-1.444337,4.239686,1.817701,66.784836,7.721982,-110.561081
164,-0.000113,0.000161,0.000005,-0.001901,0.007148,0.002131,-0.546536,-2.811648,-1.464686,71.110016,24.343937,-109.838966
165,-0.000125,0.000193,0.000012,-0.002228,0.007218,0.001898,1.154129,0.224904,0.643248,50.210602,-24.697912,-109.573158
166,-0.000136,0.000230,0.000021,-0.002354,0.007700,0.001930,-1.981622,-1.329069,0.979149,18.037075,11.424814,-105.551521
167,-0.000148,0.000268,0.000030,-0.002481,0.008068,0.001889,2.598723,1.791699,-2.202884,51.786240,-20.200790,-108.083267
168,-0.000161,0.000307,0.000035,-0.002612,0.008385,0.001433,-2.306848,0.132905,2.818832,20.886621,21.835947,-108.380295
169,-0.000175,0.000350,0.000042,-0.002740,0.008943,0.001264,3.203619,-1.597223,-2.528254,13.358214,-2.173097,-109.455879
170,-0.000189,0.000396,0.000048,-0.002867,0.009553,0.001085,-2.393986,-0.315963,2.204509,-2.798040,38.832729,-114.621727
171,-0.000078,0.000089,0.000026,-0.000985,0.004091,0.001014,1.919437,3.024086,-1.175888,42.945137,18.754786,-91.444687
172,-0.000079,0.000114,0.000019,-0.000777,0.004988,0.000067,-1.782050,-1.843093,0.506662,-10.757525,49.619499,-124.798706
173,-0.000083,0.000141,0.000019,-0.000797,0.005614,-0.000049,0.573847,1.348541,-0.000254,45.295395,25.499720,-88.136925
174,-0.000087,0.000170,0.000018,-0.000817,0.006196,-0.000157,-1.907591,-0.955631,-1.124263,56.313805,77.169182,-78.787338
175,-0.000091,0.000201,0.000017,-0.000837,0.006597,-0.000324,1.421144,0.309001,1.572488,23.599808,33.712646,-107.907227
176,-0.000096,0.000236,0.000015,-0.000857,0.007197,-0.000508,-1.428425,-0.239612,-0.799613,64.951042,85.459892,-68.471481
177,-0.000078,0.000127,0.000002,-0.000547,0.006057,-0.000706,-0.069680,-0.661381,-0.164855,-102.975258,41.140942,124.392830
178,-0.000078,0.000158,0.000003,-0.000273,0.006562,-0.000393,1.548216,3.454188,0.603101,-108.118980,57.698299,120.871803
179,-0.000079,0.000193,-0.000004,-0.000198,0.007267,-0.000863,0.324097,-6.651482,-1.710132,-104.813560,10.944427,122.352997
180,-0.000080,0.000233,-0.000015,-0.000124,0.008060,-0.001536,0.499876,6.785292,2.462325,-99.671707,17.611071,123.653877
181,-0.000082,0.000281,-0.000033,-0.000290,0.009448,-0.002698,-0.748058,-4.701971,-0.689712,-98.426140,8.820182,123.608360
182,-0.000084,0.000330,-0.000048,-0.000311,0.010383,-0.003071,2.048188,2.793336,-1.013785,-120.160645,-16.414865,124.482925
183,-0.000085,0.000384,-0.000064,-0.000331,0.011380,-0.003377,-2.281265,-3.609503,1.830984,-81.528183,16.859188,124.264633
184,-0.000075,0.000147,-0.000062,-0.000256,0.006324,-0.001804,0.663265,2.409736,-1.567639,-105.512360,17.667072,117.638664
185,-0.000073,0.000176,-0.000075,0.000048,0.006595,-0.002185,-1.952666,-0.580349,-0.678025,-127.031960,57.901970,103.701172
186,-0.000073,0.000210,-0.000086,0.000124,0.007056,-0.002341,2.182988,-0.019632,2.359792,-76.056641,45.587185,145.107590
187,-0.000072,0.000245,-0.000098,0.000199,0.007425,-0.002429,-2.739348,-2.571229,-2.594777,-128.636383,39.522686,107.942993
188,-0.000071,0.000283,-0.000103,0.000275,0.007858,-0.001574,2.418118,4.925369,1.287451,-159.449066,46.332100,86.708023
189,-0.000070,0.000324,-0.000112,0.000351,0.008385,-0.001640,-0.686793,-5.954010,-0.282188,-106.571213,20.190420,117.797203
190,-0.000068,0.000367,-0.000123,0.000425,0.008892,-0.001846,1.998078,5.570810,-0.126414,-124.143898,18.553316,111.752609
191,-0.000052,0.000147,0.000009,0.000200,0.006584,-0.000201,-1.809774,-4.069786,0.397257,-87.984947,24.281399,125.449356
192,-0.000051,0.000182,0.000011,0.000083,0.007288,-0.000159,0.970563,3.396924,-0.653842,-97.940514,32.477280,121.150856
193,-0.000051,0.000221,0.000012,-0.000032,0.008060,-0.000161,0.028190,-1.451361,2.020738,-50.057335,9.954382,139.495346
194,-0.000050,0.000268,0.000017,0.000099,0.009274,0.000532,-1.515224,0.700530,-1.889952,-79.576340,46.639359,124.514755
195,-0.000049,0.000316,0.000020,0.000083,0.010088,0.000700,1.882807,0.629636,0.699721,-57.842258,19.612947,136.678955
196,-0.000049,0.000369,0.000024,0.000066,0.010882,0.000946,-2.898862,-2.692432,-1.345584,-103.272202,42.056458,111.671486
197,-0.000090,0.000132,0.000008,-0.000718,0.006748,-0.000412,0.448121,2.431807,2.675315,-43.956375,54.289825,158.445145
198,-0.000093,0.000175,-0.000001,-0.000738,0.008044,-0.001049,3.397543,-0.639854,-3.052953,-85.233185,38.498470,127.937347
199,-0.000097,0.000217,-0.000006,-0.000760,0.008807,-0.001328,-2.909162,-1.014833,1.839308,-36.782078,53.918377,164.315079
200,-0.000101,0.000263,-0.000014,-0.000783,0.009575,-0.001689,2.534377,1.882896,-1.321827,-15.001229,56.536758,-177.661331
201,-0.000105,0.000308,-0.000022,-0.000807,0.009796,-0.001841,-4.114687,0.083823,1.395160,2.460615,70.644028,-162.033478
202,-0.000109,0.000360,-0.000033,-0.000828,0.010495,-0.002127,4.927024,-2.284942,-2.238809,-58.988934,65.573524,140.617950
203,-0.000113,0.000415,-0.000045,-0.000850,0.011291,-0.002471,-3.675168,1.270668,3.528612,14.122636,50.100090,-155.093094
204,-0.000056,0.000119,0.000007,0.000423,0.005483,0.000413,0.389466,0.428441,-3.321156,91.460274,70.742210,-84.753860
205,-0.000053,0.000148,0.000009,0.000505,0.006039,0.000543,-2.501099,1.909660,2.895516,36.633942,41.351128,-132.961166
206,-0.000051,0.000179,0.000012,0.000587,0.006594,0.000653,1.852000,-3.691047,-1.473960,-2.790518,45.397907,-160.786743
207,-0.000050,0.000215,0.000019,0.000379,0.007267,0.001133,-0.254925,2.753807,0.716994,55.914322,22.965662,-124.988876
208,-0.000048,0.000254,0.000024,0.000366,0.007950,0.001208,0.559181,-1.256947,-1.624831,75.667358,28.225122,-116.428490
209,-0.000046,0.000297,0.000030,0.000353,0.008709,0.001432,-1.544263,-1.728926,2.241427,11.449413,44.433296,-157.260315
210,-0.000045,0.000344,0.000040,0.000341,0.009454,0.001798,2.274829,2.768526,-0.869346,54.417953,14.523704,-134.468842
211,-0.000062,0.000129,0.000073,-0.000057,0.006053,0.002353,0.207143,-1.626653,-0.254393,27.900597,18.029671,-142.421219
212,-0.000062,0.000160,0.000086,-0.000071,0.006678,0.002766,-1.254144,1.559725,-0.540597,81.675446,37.417488,-115.380028
213,-0.000063,0.000195,0.000101,-0.000086,0.007325,0.003206,1.284979,-2.266805,0.729882,52.821987,39.413044,-133.746780
214,-0.000063,0.000239,0.000110,-0.000096,0.008474,0.002811,-1.692180,0.896000,0.555211,58.285881,57.166828,-129.638000
215,-0.000064,0.000284,0.000125,-0.000108,0.009366,0.003000,0.521339,2.026162,-2.191255,115.628593,23.418203,-88.356781
216,-0.000064,0.000335,0.000143,-0.000118,0.010345,0.003360,-0.388799,-3.413996,2.315405,103.608833,49.325760,-95.604622
217,-0.000067,0.000390,0.000164,-0.000370,0.011166,0.003728,0.662115,3.266918,-0.950355,105.850365,2.193708,-94.013748
218,-0.000059,0.000117,-0.000034,-0.000440,0.005093,-0.001980,0.163116,-2.222382,0.711172,104.152588,1.146517,-94.770157
219,-0.000061,0.000144,-0.000045,-0.000549,0.005551,-0.002243,1.736862,2.784571,-1.599350,118.298950,-25.506880,-97.952805
220,-0.000061,0.000179,-0.000048,-0.000362,0.006691,-0.001551,-1.673905,-4.724153,2.219365,121.934387,-32.622128,-99.780251
221,-0.000063,0.000217,-0.000050,-0.000372,0.007595,-0.001090,1.620727,5.063650,-3.091664,121.307243,-15.503134,-99.381363
222,-0.000065,0.000260,-0.000052,-0.000383,0.008543,-0.000687,-1.197927,-1.519533,2.380886,98.367294,-5.670044,-94.802109
223,-0.000067,0.000308,-0.000053,-0.000391,0.009711,-0.000233,3.116620,-1.530302,-1.479342,131.259567,-48.750881,-110.847305
224,-0.000071,0.000125,-0.000055,-0.000449,0.005929,-0.001365,-4.964476,1.226640,-0.007175,123.527229,-5.791032,-107.230812
225,-0.000073,0.000156,-0.000063,-0.000461,0.006497,-0.001530,4.691495,1.283494,1.561126,92.905815,-51.732834,-91.076492
226,-0.000075,0.000188,-0.000069,-0.000474,0.007006,-0.001601,-2.692879,-2.040686,-1.928774,133.552887,-41.427929,-121.393738
227,-0.000077,0.000222,-0.000067,-0.000481,0.007372,-0.000740,-1.367020,-0.328633,0.608416,125.316628,-19.416300,-117.090065
228,-0.000080,0.000261,-0.000069,-0.000491,0.007955,-0.000441,1.412623,4.004950,-0.687367,100.740356,-19.239391,-108.630379
229,-0.000082,0.000303,-0.000068,-0.000501,0.008585,0.000030,1.179009,-4.159314,1.595024,86.201118,-49.484562,-99.708855
230,-0.000085,0.000354,-0.000061,-0.000506,0.010103,0.001032,-2.010267,1.214589,-1.241794,109.822556,-2.923199,-110.939888
231,-0.000063,0.000128,0.000037,-0.000193,0.006529,0.000265,2.818341,-0.333812,0.235158,107.335518,-55.924664,-110.230911
232,-0.000064,0.000162,0.000037,-0.000204,0.007297,0.000073,-2.802219,1.361587,-0.131243,103.121773,-9.624291,-107.916603
233,-0.000065,0.000198,0.000038,-0.000212,0.007820,-0.000033,3.550494,-1.386999,0.083028,109.315338,-61.737217,-112.060944
234,-0.000066,0.000239,0.000038,-0.000221,0.008487,-0.000092,-3.750067,1.005238,0.683893,94.796181,-26.768991,-101.378349
235,-0.000067,0.000282,0.000038,-0.000231,0.009116,-0.000183,3.160792,0.015555,-0.857909,132.352676,-69.447289,-131.540009
236,-0.000067,0.000326,0.000036,-0.000001,0.009399,-0.000350,-5.702941,-1.450831,-0.920291,157.720291,-51.496231,-153.914566
237,-0.000066,0.000375,0.000034,0.000086,0.009865,-0.000438,4.251049,0.310755,1.414708,36.093491,-79.219650,-35.432159
238,-0.000037,0.000128,-0.000036,0.000638,0.006421,-0.001741,-2.083615,1.167001,-0.224263,77.116280,-49.893394,-73.923584
239,-0.000034,0.000161,-0.000045,0.000728,0.007108,-0.001980,1.912449,0.636948,-0.158871,102.728149,-69.710587,-96.706726
240,-0.000033,0.000199,-0.000047,0.000486,0.007813,-0.001300,-0.684204,-3.508567,0.762512,-78.052818,-63.760284,84.259018
241,-0.000031,0.000241,-0.000050,0.000482,0.008628,-0.000988,0.137127,3.811001,-2.399605,141.232437,-63.406208,-139.185165
242,-0.000028,0.000288,-0.000052,0.000478,0.009532,-0.000615,0.641766,-3.615329,2.515000,-68.893166,-63.502808,74.464432
243,-0.000026,0.000341,-0.000049,0.000479,0.010742,0.000113,-0.109216,2.657022,-1.118645,114.106880,-69.175049,-108.942467
244,-0.000048,0.000092,-0.000031,0.000009,0.005201,-0.001103,-0.917944,-0.076813,0.615109,61.863834,-55.781528,-61.909016
245,-0.000048,0.000119,-0.000037,0.000002,0.005720,-0.001186,1.778606,-0.283655,-1.570319,171.579956,-62.518623,-163.546158
246,-0.000050,0.000149,-0.000042,-0.000302,0.006357,-0.001107,-2.793011,0.559898,1.914127,138.805756,-63.660324,-134.190048
247,-0.000052,0.000184,-0.000048,-0.000403,0.007096,-0.001178,2.813647,-0.391573,-2.162524,-171.955841,-53.260921,-177.057632
248,-0.000054,0.000222,-0.000054,-0.000504,0.007872,-0.001260,-1.714708,0.649786,1.992810,169.325989,-65.355103,-160.850662
249,-0.000055,0.000268,-0.000062,-0.000361,0.009112,-0.001444,0.520012,-1.991752,-1.151851,-129.359100,-31.148308,149.541199
250,-0.000057,0.000316,-0.000069,-0.000364,0.009950,-0.001402,-0.746469,3.764977,0.184830,-171.490356,-38.039707,174.019684
251,-0.000071,0.000079,-0.000060,-0.000573,0.005452,-0.001370,1.574362,-3.110718,0.574148,-104.809402,-37.923786,129.985519
252,-0.000074,0.000107,-0.000069,-0.000583,0.006057,-0.001638,-2.290952,1.559521,-0.454498,-122.413101,-17.386150,138.612747
253,-0.000077,0.000139,-0.000078,-0.000587,0.006759,-0.001858,0.959957,-1.498327,-0.423654,-106.592796,-31.175455,132.155136
254,-0.000080,0.000173,-0.000087,-0.000593,0.007264,-0.001911,-0.337939,1.758120,3.336915,-55.807892,-36.776276,102.310280
255,-0.000083,0.000207,-0.000095,-0.000600,0.007541,-0.001963,-0.490305,-0.815163,-5.849792,-115.797340,-31.600012,138.101669
256,-0.000085,0.000236,-0.000103,-0.000367,0.007106,-0.001717,0.364051,0.144240,6.587392,-55.921818,-32.460464,103.966690
257,-0.000086,0.000272,-0.000111,-0.000275,0.007617,-0.001683,1.597403,1.040154,-5.620919,-118.333183,-50.273129,147.782562
258,-0.000055,0.000143,-0.000077,0.000384,0.008687,-0.001346,-1.734238,-0.015918,4.009440,-58.770325,-36.456001,104.805786
259,-0.000053,0.000186,-0.000077,0.000474,0.009254,-0.000655,3.492418,-2.523974,-5.637544,-127.314445,-41.510273,151.344757
260,-0.000050,0.000230,-0.000079,0.000565,0.009643,-0.000309,-4.076676,2.150389,7.169095,-87.499626,-40.887486,124.454643
261,-0.000047,0.000274,-0.000079,0.000656,0.009869,-0.000000,3.775746,-0.408326,-7.151332,-155.059402,-39.070557,170.801376
262,-0.000044,0.000313,-0.000079,0.000742,0.009197,0.000084,-2.431283,0.659777,5.686289,-128.814362,-50.582977,151.912140
263,-0.000040,0.000360,-0.000078,0.000834,0.009608,0.000201,2.171004,-1.643904,-3.519922,-153.515152,-31.056206,168.290909
264,-0.000075,0.000089,-0.000012,0.000264,0.006215,0.001030,-1.780245,-0.853437,1.956783,-121.026672,-10.215542,156.407318
265,-0.000073,0.000116,-0.000002,0.000354,0.006551,0.001684,0.953104,1.511873,-5.147414,-173.347321,-11.853815,167.385483
266,-0.000071,0.000140,0.000003,0.000444,0.006614,0.001739,0.776809,-2.702469,6.016506,-142.092239,-25.411715,156.921982
267,-0.000069,0.000165,0.000008,0.000534,0.006653,0.001736,-2.815701,2.406766,-4.835871,177.376724,9.355970,163.021988
268,-0.000066,0.000192,0.000016,0.000625,0.006800,0.001898,3.229507,1.216998,3.324727,161.192459,-21.411648,164.649002
269,-0.000062,0.000237,0.000022,0.000726,0.008692,0.001472,-3.155588,-2.425459,-2.139440,-164.620514,19.659092,164.008606
270,-0.000058,0.000279,0.000033,0.000820,0.009448,0.001621,3.090715,0.684475,1.549813,-168.409531,-17.396912,163.698914
271,-0.000051,0.000081,0.000030,0.000903,0.005590,0.001946,-1.732895,-0.807605,1.895729,-144.757874,7.575990,161.624756
272,-0.000049,0.000120,0.000044,0.000688,0.007103,0.002382,1.640105,0.639968,-2.876682,179.156357,-21.911888,166.453812
273,-0.000046,0.000157,0.000056,0.000686,0.007900,0.002633,-0.830004,1.820167,0.717063,133.238998,-3.599668,177.157288
274,-0.000043,0.000199,0.000071,0.000685,0.008790,0.002975,-0.135037,-1.783907,0.955974,148.140533,-3.348604,176.249435
275,-0.000037,0.000242,0.000084,0.000925,0.009179,0.002893,0.846500,0.581425,-0.752101,143.100494,-37.972767,178.129364
276,-0.000033,0.000289,0.000099,0.001019,0.009851,0.002947,0.110552,-1.515120,-0.601506,-152.480270,-31.079819,138.859055
277,-0.000027,0.000340,0.000113,0.001114,0.010553,0.002943,-3.437227,1.892404,0.475458,-171.626144,1.454112,143.690323
278,-0.000060,0.000080,-0.000045,0.000643,0.006066,-0.001210,3.820520,-0.682095,1.892574,-157.009171,-44.781082,138.358917
279,-0.000057,0.000115,-0.000051,0.000737,0.007038,-0.001459,-1.352498,0.563975,-3.283932,178.763443,1.921882,148.444595
280,-0.000053,0.000157,-0.000058,0.000831,0.008125,-0.001694,-0.869743,-0.840801,3.930891,-170.486633,15.684937,150.492371
281,-0.000048,0.000205,-0.000066,0.000925,0.009241,-0.001908,-0.459164,1.031731,-3.666144,165.641724,7.297548,145.866089
282,-0.000048,0.000245,-0.000074,0.000434,0.008807,-0.002027,2.210841,-0.775535,2.723505,166.818680,-21.454535,145.997910
283,-0.000046,0.000293,-0.000085,0.000333,0.009406,-0.002272,-1.660119,-0.961579,-0.955854,-165.043335,23.704372,146.854691
284,-0.000079,0.000069,-0.000071,-0.000477,0.006546,-0.001370,-1.243042,2.400295,-1.056267,137.357666,30.784563,118.836403
285,-0.000079,0.000096,-0.000090,-0.000268,0.006631,-0.002576,0.549866,-1.723349,0.025730,-178.703354,27.665390,141.076019
286,-0.000080,0.000131,-0.000103,-0.000274,0.007197,-0.002951,-0.778693,0.110852,1.062783,168.905716,75.670609,130.607712
287,-0.000081,0.000167,-0.000119,-0.000280,0.007701,-0.003392,2.811650,0.691175,-1.508847,161.443161,37.216152,124.129936
288,-0.000083,0.000208,-0.000130,-0.000285,0.008466,-0.002862,-2.458239,2.824281,1.618641,90.155029,48.183746,72.265091
289,-0.000084,0.000252,-0.000145,-0.000291,0.009212,-0.003080,1.076142,-3.974915,-1.646037,149.892685,66.480072,124.739571
290,-0.000086,0.000300,-0.000161,-0.000296,0.010004,-0.003353,-0.799693,1.814181,1.934434,57.905159,42.776089,43.332661
291,-0.000091,0.000085,-0.000112,-0.000368,0.006767,-0.000749,2.560652,0.440007,-2.063848,90.547348,14.351934,59.496906
292,-0.000093,0.000118,-0.000119,-0.000374,0.007322,-0.000884,-2.295802,-4.078625,1.403871,67.997917,49.313843,46.658859
293,-0.000095,0.000154,-0.000129,-0.000380,0.007873,-0.001176,-0.898603,3.458697,-1.780161,110.598206,20.981714,72.721497
294,-0.000096,0.000192,-0.000138,-0.000387,0.008375,-0.001351,1.058613,-0.739252,2.514836,69.664810,8.465466,61.953175
295,-0.000098,0.000240,-0.000143,-0.000386,0.009738,-0.001048,-0.042319,1.258137,-1.095838,117.071106,3.608270,67.480362
296,-0.000100,0.000291,-0.000152,-0.000391,0.010648,-0.001245,-0.351736,-3.870578,-1.164731,155.548813,9.339834,72.412308
297,-0.000102,0.000349,-0.000165,-0.000396,0.011672,-0.001521,2.125443,2.499978,1.240291,112.077026,-22.042639,78.002220
298,-0.000066,0.000077,-0.000074,-0.000122,0.006592,0.000015,-1.000489,2.428339,-0.002376,93.925087,15.262583,78.481628
299,-0.000067,0.000112,-0.000075,-0.000225,0.007459,-0.000243,0.359318,-3.651274,-0.816507,111.497498,23.356344,84.057404
300,-0.000068,0.000152,-0.000078,-0.000327,0.008366,-0.000558,1.594396,2.319727,0.971732,81.137772,-17.259869,82.079338
301,-0.000069,0.000195,-0.000082,-0.000188,0.009004,-0.000749,-2.680494,-1.689350,-1.477430,99.795967,14.573425,81.735008
302,-0.000070,0.000241,-0.000085,-0.000194,0.009697,-0.000793,4.237798,2.747314,1.157995,82.101707,-34.052231,85.275902
303,-0.000071,0.000292,-0.000089,-0.000199,0.010404,-0.000755,-4.654774,-2.834501,0.232553,75.735909,-10.061759,88.157364
304,-0.000051,0.000102,-0.000045,0.000379,0.007204,0.000638,1.174139,0.020787,-1.643970,127.065498,-35.676601,66.019447
305,-0.000049,0.000137,-0.000040,0.000472,0.007857,0.000757,-0.844809,2.227374,1.291851,82.526955,-2.863521,81.873611
306,-0.000046,0.000177,-0.000030,0.000566,0.008571,0.001070,0.245135,-3.550278,-0.274575,79.686684,-9.753746,82.402267
307,-0.000043,0.000221,-0.000019,0.000660,0.009332,0.001403,-0.179481,2.640008,0.199624,85.578987,3.438181,82.218918
308,-0.000042,0.000267,-0.000025,0.000462,0.009881,-0.000202,-0.232798,-0.062637,-0.457907,135.521439,23.758314,95.066383
309,-0.000040,0.000318,-0.000028,0.000458,0.010564,-0.000710,2.781748,-0.333567,-0.041425,140.551056,-23.988041,95.272087
310,-0.000038,0.000372,-0.000032,0.000455,0.011251,-0.001197,-1.337516,-0.488682,-0.366299,162.056564,20.427881,94.857803
311,-0.000049,0.000102,-0.000073,0.000150,0.006684,-0.000725,-0.971489,0.085436,0.830240,128.276413,67.348991,68.943604
312,-0.000049,0.000137,-0.000077,0.000145,0.007376,-0.000760,1.424340,0.657947,-0.197171,118.961479,27.624578,61.559910
313,-0.000048,0.000176,-0.000080,0.000140,0.008052,-0.000765,-2.141911,-1.574344,-0.269708,176.795395,69.357124,109.337334
314,-0.000044,0.000218,-0.000083,0.000449,0.008737,-0.000706,2.681776,0.371071,1.290547,149.153259,71.462494,83.454247
315,-0.000042,0.000265,-0.000087,0.000543,0.009582,-0.000696,-4.577221,0.924846,-2.786664,161.740234,57.342796,94.894981
316,-0.000039,0.000317,-0.000089,0.000638,0.010529,-0.000585,4.139398,-2.229313,3.141826,-171.609879,63.379677,118.459160
317,-0.000037,0.000377,-0.000088,0.000493,0.011823,-0.000207,-5.680733,0.956259,-3.482172,165.299286,57.056011,98.127342
318,-0.000068,0.000088,-0.000135,-0.000153,0.005745,-0.002076,5.298862,1.876144,3.004667,131.992798,45.180012,71.672928
319,-0.000069,0.000120,-0.000146,-0.000160,0.006377,-0.002228,-3.592379,-0.317271,-1.458504,-177.111450,67.270874,115.528038
320,-0.000072,0.000153,-0.000149,-0.000453,0.006958,-0.001418,2.670430,-1.651066,1.017372,-125.212402,52.015724,161.631653
321,-0.000075,0.000190,-0.000154,-0.000554,0.007563,-0.001042,-2.359003,2.340192,0.030131,114.171463,68.168152,47.784428
322,-0.000078,0.000228,-0.000155,-0.000656,0.008064,-0.000643,4.742291,-1.704856,-1.519267,152.108490,51.650066,81.472511
323,-0.000081,0.000268,-0.000157,-0.000758,0.008481,-0.000348,-4.669535,-0.642078,2.193659,-5.127867,79.402802,-74.236488
324,-0.000058,0.000069,-0.000068,0.000142,0.005378,0.000271,-0.051135,2.574418,-0.873726,99.896660,40.366322,26.010260
325,-0.000057,0.000098,-0.000068,0.000231,0.005975,0.000194,-0.315236,-2.084299,-2.325040,168.666885,42.507671,74.466560
326,-0.000056,0.000132,-0.000068,0.000321,0.006678,0.000183,0.589317,-0.410086,3.478294,154.198868,72.234680,61.751060
327,-0.000057,0.000177,-0.000063,0.000104,0.008252,0.000556,-1.163278,4.007005,-1.676421,116.428658,29.000607,29.852566
328,-0.000056,0.000219,-0.000062,0.000099,0.009046,0.000342,1.599488,-4.819210,0.421840,140.828537,35.202450,43.181862
329,-0.000056,0.000267,-0.000063,0.000093,0.009882,0.000120,-0.820710,2.066762,0.013770,96.177292,24.536335,20.061277
330,-0.000057,0.000319,-0.000062,-0.000156,0.010781,0.000246,2.474991,0.363851,-0.690986,109.115334,-25.721375,20.353504
331,-0.000055,0.000104,0.000040,-0.000370,0.006915,0.004870,0.144641,-0.130033,2.011569,52.262875,-26.974379,46.827637
332,-0.000057,0.000141,0.000066,-0.000469,0.007794,0.005438,-2.729581,-1.010063,-1.918365,66.330566,-2.158020,43.325092
333,-0.000057,0.000173,0.000080,-0.000281,0.007635,0.004305,2.047462,1.905502,1.086747,61.164799,-38.548771,45.338665
334,-0.000058,0.000213,0.000100,-0.000285,0.008206,0.004110,-1.155126,-2.949864,-0.110054,25.596537,-46.773491,70.284691
335,-0.000060,0.000255,0.000117,-0.000290,0.008745,0.003870,0.111249,2.204106,0.077080,74.808342,-17.504107,42.088764
336,-0.000061,0.000301,0.000134,-0.000295,0.009298,0.003621,-1.572276,-2.745424,-0.472474,70.170952,-5.793269,43.599163
337,-0.000058,0.000101,-0.000022,0.000086,0.006133,0.000663,1.080197,1.682246,0.388300,76.670418,-30.284395,40.934826
338,-0.000058,0.000134,-0.000019,0.000175,0.006772,0.000464,0.695991,-0.463802,-0.249755,121.665016,-79.517548,-0.263390
339,-0.000057,0.000169,-0.000018,0.000265,0.007380,0.000309,-1.987754,-0.366203,-0.956958,169.118362,-55.031715,-45.461193
340,-0.000055,0.000206,-0.000009,0.000350,0.007925,0.000872,5.169720,0.242472,1.084299,32.311741,-83.516197,90.237114
341,-0.000053,0.000248,-0.000005,0.000438,0.008618,0.000902,-4.949600,-0.536062,-1.190071,161.800949,-84.810867,-40.672829
342,-0.000051,0.000294,-0.000002,0.000527,0.009341,0.000797,3.308175,3.754430,1.373833,69.984802,-47.885933,51.516720
343,-0.000048,0.000344,-0.000009,0.000616,0.010177,-0.000521,-0.594831,-3.952580,0.065011,4.305966,-69.235626,110.411079
344,-0.000037,0.000106,-0.000067,0.000780,0.005529,-0.000934,-3.516322,1.620359,-1.533326,57.876343,-59.704895,61.469635
345,-0.000032,0.000135,-0.000072,0.000868,0.006056,-0.001121,3.725099,1.048601,1.215328,42.093929,-66.239571,75.874161
346,-0.000030,0.000173,-0.000078,0.000665,0.007364,-0.001369,-5.747123,-3.795920,-0.255389,-5.286679,-59.865780,118.258858
347,-0.000027,0.000212,-0.000083,0.000659,0.008169,-0.001321,4.275833,2.109040,-0.587529,93.767525,-67.427711,25.045393
348,-0.000024,0.000255,-0.000090,0.000652,0.008995,-0.001500,-2.414860,2.943441,0.224109,88.338348,-16.359121,29.182276
349,-0.000021,0.000303,-0.000102,0.000644,0.009826,-0.001899,1.412024,-4.070407,-0.604899,97.048698,-48.060131,24.764713
350,-0.000015,0.000351,-0.000099,0.000928,0.010237,-0.000429,1.180076,1.066834,2.630754,35.085220,-32.349934,67.819763
351,-0.000032,0.000104,-0.000098,0.000649,0.005930,-0.002345,-2.375621,-0.614455,-4.095239,60.918297,-29.758549,54.091808
352,-0.000029,0.000138,-0.000111,0.000734,0.006804,-0.002718,2.841295,1.952356,2.298507,41.462444,-42.862598,65.563255
353,-0.000025,0.000183,-0.000117,0.000827,0.008439,-0.002068,-2.838532,-2.283602,0.900036,7.389325,-15.271230,82.745766
354,-0.000021,0.000229,-0.000126,0.000914,0.009519,-0.001903,0.987903,2.468485,-1.400281,61.503185,-28.860748,60.785019
355,-0.000016,0.000280,-0.000134,0.001002,0.010612,-0.001754,-0.721666,-0.697323,0.707097,20.881815,-1.405989,72.330620
356,-0.000013,0.000330,-0.000142,0.000848,0.010922,-0.001569,0.902680,-1.003150,-0.214293,-18.178238,-34.306503,85.315781
357,-0.000033,0.000095,-0.000048,0.000259,0.005283,0.000220,-1.187694,-0.221711,-0.241211,-30.102222,5.307142,88.859436
358,-0.000032,0.000122,-0.000047,0.000247,0.005814,0.000152,0.879749,0.890440,0.949641,14.217083,-24.342196,81.266533
359,-0.000031,0.000161,-0.000043,0.000238,0.007288,0.000434,-0.273792,0.481792,-1.404906,49.216255,-30.054497,65.011116
360,-0.000029,0.000198,-0.000042,0.000226,0.008008,0.000397,0.569100,-1.500133,1.379756,-13.007305,-29.985058,98.714584
361,-0.000028,0.000239,-0.000040,0.000214,0.008721,0.000379,-0.428665,-0.378433,-1.077976,-46.201176,-30.623274,115.909233
362,-0.000026,0.000280,-0.000035,0.000442,0.008943,0.000737,1.444557,2.929814,0.136722,17.844557,-53.685402,69.319633
363,-0.000023,0.000326,-0.000031,0.000526,0.009515,0.000741,-0.336874,-2.958873,0.250714,-51.487259,-33.114048,121.018593
364,-0.000030,0.000112,-0.000001,0.000461,0.006175,0.002882,-1.766019,2.343696,-0.854167,-35.067600,-28.716070,113.065399
365,-0.000028,0.000146,0.000017,0.000546,0.006956,0.003422,-0.183245,-1.340956,1.003734,-51.333210,2.353209,117.192177
366,-0.000022,0.000171,0.000030,0.000960,0.006473,0.003336,-1.350207,-2.364401,-0.866597,-94.968437,24.184362,106.685326
367,-0.000016,0.000204,0.000048,0.001142,0.006766,0.003775,1.750930,2.870913,1.053573,-81.552544,17.515888,111.614395
368,-0.000010,0.000239,0.000068,0.001323,0.007069,0.004201,1.308696,-0.295719,0.032206,-81.784492,-34.976643,111.239594
369,-0.000008,0.000295,0.000089,0.000787,0.010183,0.004395,-0.615819,-1.596987,-1.913488,-123.776611,-1.830074,125.425201
370,-0.000005,0.000348,0.000112,0.000681,0.011507,0.004788,3.065562,2.287690,2.223477,-114.694992,-40.944965,121.332977
371,-0.000029,0.000173,-0.000044,-0.000170,0.010431,0.000914,-2.074742,-0.965242,0.120904,-104.195297,8.517877,118.422813
372,-0.000030,0.000193,-0.000037,-0.000290,0.007904,0.001286,1.146415,-1.882086,-0.966479,-115.695488,-24.752670,120.377052
373,-0.000032,0.000233,-0.000029,-0.000400,0.008087,0.001694,-1.954059,2.969849,-1.095927,-149.734589,-8.775502,130.595001
374,-0.000034,0.000275,-0.000018,-0.000510,0.008352,0.002087,-0.774262,-0.344999,1.258478,-115.963890,13.841921,132.129181
375,-0.000035,0.000326,-0.000017,-0.000378,0.009824,0.001089,0.208088,-1.629464,-0.232873,-99.262909,-6.169579,133.057953
376,-0.000037,0.000377,-0.000012,-0.000392,0.010525,0.000952,-0.895583,1.625220,-0.566471,-123.099922,14.439912,130.834671
377,-0.000065,0.000086,-0.000116,-0.000824,0.004554,-0.003036,-0.940275,-1.764460,0.629597,-79.432129,25.647135,147.433640
378,-0.000069,0.000110,-0.000135,-0.000843,0.005027,-0.003703,1.817409,2.019049,0.306526,-65.705917,7.910002,151.983948
379,-0.000074,0.000158,-0.000144,-0.000851,0.007618,-0.003119,0.509126,-1.859517,-0.973897,-107.117928,-10.047500,152.762833
380,-0.000078,0.000199,-0.000160,-0.000866,0.008640,-0.003295,1.840667,-0.497358,0.664226,-74.748085,-54.312916,133.871414
381,-0.000082,0.000244,-0.000178,-0.000881,0.009642,-0.003601,-0.627321,2.275900,-1.174829,-164.431961,-79.617928,-140.090195
382,-0.000087,0.000282,-0.000196,-0.000900,0.008978,-0.003781,0.839417,0.155858,1.287110,6.435814,-50.446636,49.712669
383,-0.000091,0.000328,-0.000215,-0.000917,0.009364,-0.003985,-1.373812,-0.201805,1.284307,-1.925422,2.042746,53.319939
384,-0.000055,0.000111,-0.000084,-0.000319,0.005248,0.000511,-0.715269,-0.597760,-2.321822,-17.701351,19.180386,50.747597
385,-0.000057,0.000138,-0.000092,-0.000335,0.005724,-0.000492,0.532492,0.117588,0.579969,1.770636,-26.439316,49.554394
386,-0.000058,0.000168,-0.000095,-0.000350,0.006224,-0.000724,-0.765785,-0.470430,-0.062318,-24.768093,13.946802,52.814930
387,-0.000060,0.000200,-0.000098,-0.000365,0.006691,-0.000857,-1.299643,-2.624055,-0.435327,-77.150452,26.599251,33.412121
388,-0.000060,0.000237,-0.000096,-0.000136,0.007570,-0.000384,1.354334,4.923537,1.185538,-48.389725,32.525009,47.820972
389,-0.000061,0.000277,-0.000098,-0.000053,0.008266,-0.000590,-1.012158,-5.175467,-0.938070,-92.278534,15.916370,28.528788
390,-0.000061,0.000320,-0.000102,0.000029,0.008985,-0.000903,2.988300,4.210855,1.087159,-82.737930,-2.498993,29.351292
391,-0.000023,0.000093,-0.000020,0.000737,0.005251,0.001708,-2.682123,-2.026101,-0.873998,-102.963921,40.104275,22.944897
392,-0.000023,0.000111,-0.000003,0.000474,0.004952,0.002447,1.619007,1.570368,-1.600608,-144.418518,22.818096,0.510863
393,-0.000021,0.000137,0.000010,0.000456,0.005212,0.002642,0.288167,-1.571143,1.936820,-90.971916,14.227408,18.581171
394,-0.000019,0.000163,0.000024,0.000440,0.005472,0.002848,-0.971908,0.008635,-0.360935,-124.984070,59.975655,-4.053041
395,-0.000017,0.000200,0.000036,0.000433,0.007052,0.002754,1.855548,3.415365,-0.719028,161.166992,53.246777,-68.586723
396,-0.000014,0.000237,0.000048,0.000422,0.007847,0.002620,-2.510621,-5.167893,0.073667,-112.520096,46.976898,2.868967
397,-0.000046,0.000122,-0.000101,-0.000242,0.007244,-0.000137,-0.339134,1.492498,2.604156,-29.613075,58.953690,73.881180
398,-0.000047,0.000155,-0.000110,-0.000254,0.007432,-0.000992,0.638061,0.492609,-4.108304,-142.547470,68.712662,-33.522865
399,-0.000048,0.000192,-0.000116,-0.000270,0.007809,-0.001226,1.013745,-0.015927,3.430988,-28.810854,56.809856,74.321404
400,-0.000049,0.000230,-0.000123,-0.000285,0.008161,-0.001435,-1.875161,-0.347928,-2.930096,-151.293320,61.865158,-40.801567
401,-0.000049,0.000269,-0.000125,-0.000060,0.008368,-0.000976,1.028044,2.070560,3.733225,29.854212,77.430779,140.462265
402,-0.000049,0.000312,-0.000130,0.000022,0.008988,-0.001006,-1.130335,-0.759839,-3.880210,-172.112442,48.450985,-63.349209
403,-0.000049,0.000359,-0.000135,0.000104,0.009656,-0.000932,2.693676,-3.541224,2.001151,-122.919533,27.624638,-31.264431
404,-0.000031,0.000014,-0.000057,0.000261,0.003903,0.001298,-0.535906,5.542287,0.748260,-159.971664,51.653522,-55.326736
405,-0.000030,0.000036,-0.000059,0.000245,0.004599,0.001012,-0.721924,-2.971618,-0.145789,-103.634125,26.649183,-17.075121
406,-0.000029,0.000060,-0.000058,0.000231,0.005173,0.000982,-0.578192,0.748017,-1.439162,-165.292023,34.500458,-50.298092
407,-0.000028,0.000083,-0.000053,0.000216,0.005637,0.001087,-0.310253,-0.208578,2.206379,-120.323860,64.870193,-14.119080
408,-0.000027,0.000113,-0.000050,0.000204,0.006527,0.000927,0.606975,0.166243,-2.013718,-168.661697,22.660042,-50.847076
409,-0.000026,0.000143,-0.000046,0.000190,0.007059,0.000933,0.291234,-0.500313,1.485302,-137.120422,28.706102,-37.006828
410,-0.000025,0.000178,-0.000041,0.000176,0.007646,0.001026,-0.598976,-1.511497,-0.795182,-118.306015,19.805725,-29.251568
411,-0.000040,0.000010,-0.000047,-0.000110,0.003504,0.001498,1.963835,4.762856,0.818532,-135.562988,16.354895,-34.091972
412,-0.000040,0.000028,-0.000036,-0.000122,0.003857,0.001828,-2.942907,-5.335857,-2.162298,-113.044464,26.990683,-25.323385
413,-0.000041,0.000046,-0.000023,-0.000135,0.004192,0.002134,2.554608,3.555257,2.341621,-103.552345,22.591478,-21.115959
414,-0.000041,0.000086,-0.000054,-0.000145,0.005861,-0.000695,-1.526727,-3.749627,-1.775301,-115.171684,20.203520,-25.335186
415,-0.000042,0.000112,-0.000047,-0.000158,0.006230,-0.000500,-0.349363,6.487504,2.942086,-116.155724,42.255718,-25.843157
416,-0.000043,0.000136,-0.000037,-0.000172,0.006424,-0.000173,0.267512,-5.872612,-4.851079,-127.979477,4.315200,-30.966267
417,-0.000039,0.000032,-0.000112,-0.000113,0.004503,-0.001787,-1.127509,3.466070,6.026678,-106.274292,16.484097,-26.589834
418,-0.000040,0.000060,-0.000123,-0.000127,0.005147,-0.002100,0.847589,-0.667295,-5.556706,-154.145325,-1.109396,-33.293327
419,-0.000040,0.000089,-0.000134,-0.000143,0.005717,-0.002333,0.856698,-2.038529,1.056350,-102.664551,-17.103064,-41.931519
420,-0.000041,0.000118,-0.000145,-0.000159,0.006195,-0.002561,0.837377,-0.090294,2.547257,-46.017731,-26.538883,-64.762321
421,-0.000035,0.000178,-0.000132,0.000321,0.008564,-0.001044,-2.116268,1.950390,-1.844573,-45.524357,-14.783577,-65.390594
422,-0.000033,0.000220,-0.000142,0.000403,0.009276,-0.001207,1.953042,-2.185445,0.597578,-70.767365,-38.465389,-53.933353
423,-0.000030,0.000269,-0.000153,0.000486,0.010126,-0.001354,0.781047,1.583441,0.684567,6.458613,-58.648907,-116.913300
