Index,Translation X [m],Translation Y [m], Translation Z [m],Velocity X [m/s], Velocity Y [m/s], Velocity Z [m/s],Angular acceleration X [rad/s^2],Angular acceleration Y [rad/s^2],Angular acceleration Z [rad/s^2],Roll [degrees],Pitch[degrees],Yaw[degrees]
1,0.000000,0.000000,0.000000,0.000000,0.000000,0.000000,-1.487319,0.925787,0.435959,162.123489,26.250341,112.000374
2,0.000000,0.000000,0.000000,0.000000,0.000000,0.000000,3.914489,4.025681,0.212608,-45.680462,5.336128,0.000003
3,-0.000007,0.000061,0.000025,-0.000476,0.004419,0.001802,-2.924922,-5.099707,-0.980645,-88.320808,26.202900,-12.412714
4,-0.000009,0.000086,0.000033,-0.000563,0.005283,0.002018,2.485730,1.060272,2.110165,-55.903164,-4.677063,-6.253376
5,-0.000009,0.000118,0.000032,-0.000345,0.006437,0.001071,-1.448496,0.389704,-2.256290,-90.479523,21.239855,-11.788288
6,-0.000011,0.000151,0.000037,-0.000337,0.007241,0.000949,-2.649168,-0.616104,0.535814,-68.786049,64.150414,3.722394
7,-0.000013,0.000190,0.000040,-0.000328,0.008130,0.000764,1.985983,1.915544,0.781218,-5.852093,58.963314,60.330025
8,-0.000014,0.000227,0.000040,-0.000322,0.008147,0.000275,-1.105119,-2.587972,0.481119,-70.016090,34.829628,9.987700
9,-0.000016,0.000269,0.000041,-0.000313,0.008700,0.000195,1.571112,4.176170,-0.285696,-49.328930,46.113823,23.359348
10,-0.000018,0.000313,0.000043,-0.000305,0.009200,0.000235,-0.428648,-4.166273,-2.070777,-102.316780,19.934292,-8.369185
11,0.000010,0.000234,0.000054,0.000235,0.008084,0.001552,1.283618,1.161060,3.573810,-57.653950,7.458759,2.648092
12,0.000012,0.000283,0.000063,0.000259,0.009248,0.002024,0.911031,1.038634,-3.333947,-92.215347,-1.761608,0.674780
13,0.000013,0.000335,0.000076,0.000283,0.010343,0.002610,0.058030,-1.131240,1.715435,-45.850342,-1.566382,-1.176862
14,0.000014,0.000390,0.000091,0.000306,0.011258,0.003138,-0.797364,-0.358280,0.933719,-25.535549,33.592201,4.484891
15,0.000018,0.000440,0.000094,0.000612,0.011314,0.002046,-1.264975,0.675729,-1.071193,19.063587,84.520775,47.041382
16,0.000022,0.000498,0.000105,0.000730,0.011912,0.002088,2.822420,1.789972,-0.617620,94.129807,57.304436,120.515732
17,0.000010,0.000101,-0.000107,0.000439,0.004976,-0.003757,-4.589240,-2.726929,-0.344885,-99.635757,73.666321,-75.010460
18,0.000013,0.000132,-0.000121,0.000522,0.006039,-0.003541,2.251036,-1.380431,1.275993,-66.909248,33.328293,-46.482979
19,0.000016,0.000165,-0.000138,0.000608,0.006772,-0.003447,-0.524092,5.910791,-1.549323,-47.668407,65.163651,-30.915401
20,0.000019,0.000201,-0.000151,0.000698,0.007502,-0.003101,0.375326,-6.624144,0.337181,-80.182907,17.901808,-54.886967
21,0.000023,0.000243,-0.000160,0.000789,0.008712,-0.002388,1.581983,4.847391,2.008262,-50.559788,13.207282,-46.482635
22,0.000027,0.000290,-0.000172,0.000876,0.009726,-0.002353,-1.181788,-2.820445,-2.605363,-104.497726,19.276863,-63.025719
23,0.000032,0.000341,-0.000184,0.000961,0.010763,-0.002341,0.878643,2.125215,0.820476,-98.183426,16.572395,-61.107170
24,0.000026,0.000205,-0.000079,0.000814,0.006908,-0.003030,-1.859196,-1.423368,1.097916,-61.150749,42.555943,-41.204803
25,0.000030,0.000242,-0.000093,0.000888,0.007629,-0.003208,1.012090,1.032603,-0.078284,-40.098278,35.965057,-27.667742
26,0.000034,0.000280,-0.000109,0.000961,0.008198,-0.003404,-1.866526,-0.671667,-2.564505,-115.244789,56.531715,-86.724617
27,0.000039,0.000319,-0.000127,0.001033,0.008660,-0.003661,1.017149,-0.650866,2.628757,-52.437145,31.612484,-39.778881
28,0.000042,0.000369,-0.000141,0.000821,0.010172,-0.003380,-0.010390,-0.237839,-2.726717,-110.162514,33.495602,-73.154442
29,0.000046,0.000418,-0.000154,0.000799,0.010839,-0.003225,0.013842,3.915446,2.538187,-85.563438,61.171532,-54.697758
30,0.000001,0.000086,-0.000065,-0.000339,0.003909,-0.001949,0.692587,-5.283737,0.835221,-81.290329,11.514697,-51.314827
31,-0.000001,0.000114,-0.000054,-0.000385,0.005056,-0.000034,-0.506730,3.545508,-2.484173,-108.498978,26.450523,-59.495384
32,-0.000003,0.000140,-0.000054,-0.000441,0.005573,0.000169,-0.371200,-3.366081,2.185225,-65.445236,10.141738,-44.535404
33,-0.000005,0.000168,-0.000055,-0.000497,0.006039,0.000330,0.280070,2.906008,-2.724454,-84.247482,15.089828,-48.011379
34,-0.000008,0.000196,-0.000063,-0.000558,0.006397,-0.000791,1.280643,-1.839680,4.280621,-39.872398,-7.561359,-44.215473
35,-0.000011,0.000230,-0.000067,-0.000614,0.007155,-0.000915,-1.700859,2.168193,-4.663568,-53.968674,3.275295,-43.500916
36,-0.000014,0.000269,-0.000072,-0.000670,0.007999,-0.001007,-0.222196,-1.237925,3.486276,-22.525080,3.473000,-41.429630
37,-0.000008,0.000146,-0.000024,-0.000495,0.006979,0.000228,-0.540037,-0.918666,-1.361742,-67.372086,19.101059,-50.266155
38,-0.000011,0.000182,-0.000021,-0.000544,0.007945,0.000372,0.779643,1.810808,1.046891,-26.331003,7.205320,-40.156662
39,-0.000014,0.000223,-0.000018,-0.000593,0.008926,0.000500,-0.578599,-0.227668,-0.738022,-63.562782,40.113903,-56.029240
40,-0.000017,0.000270,-0.000016,-0.000640,0.009952,0.000516,1.172328,-1.310849,-0.252398,-85.328575,-8.905288,-62.577343
41,-0.000022,0.000314,-0.000009,-0.000981,0.010075,0.001169,0.614861,0.948876,0.935748,-42.051285,-31.736929,-78.862999
42,-0.000028,0.000368,-0.000003,-0.001125,0.010912,0.001406,0.283019,0.430545,-1.033614,-82.891106,-64.586952,-46.833092
43,-0.000034,0.000427,0.000006,-0.001270,0.011767,0.001704,0.157957,-0.340449,1.144608,-26.526512,-27.047934,-91.315887
44,-0.000047,0.000223,0.000090,-0.001621,0.008115,0.002208,-1.700578,-0.197932,-1.267660,-45.444046,0.998129,-86.459511
45,-0.000056,0.000267,0.000101,-0.001769,0.008981,0.002294,2.002654,-0.614137,1.282627,-32.500256,-43.177357,-91.134140
46,-0.000065,0.000315,0.000114,-0.001916,0.009850,0.002399,-2.600703,0.862242,-1.684743,-36.591591,-31.971783,-88.821869
47,-0.000075,0.000346,0.000116,-0.002071,0.009236,0.001772,0.073297,-0.288635,2.009658,-11.179314,-5.342125,-97.107437
48,-0.000086,0.000400,0.000123,-0.002219,0.010085,0.001642,0.698525,-1.233182,-3.045774,-42.644688,-19.165583,-90.096771
49,-0.000097,0.000460,0.000128,-0.002366,0.011040,0.001403,-0.149947,1.618296,3.794498,5.949581,-4.168032,-100.841484
50,-0.000106,0.000530,0.000136,-0.002028,0.012715,0.001622,0.857989,-0.050340,-3.896988,11.058857,-19.646696,-101.823807
51,-0.000022,0.000169,0.000070,-0.000098,0.005452,0.001525,0.919642,-2.646871,3.904294,-28.163862,-13.589929,-90.219719
52,-0.000022,0.000199,0.000079,-0.000022,0.006173,0.001876,-1.437852,3.113876,-2.877096,-10.324429,-7.820872,-93.434105
53,-0.000022,0.000231,0.000090,0.000054,0.006854,0.002229,3.314900,-1.514496,0.297704,-41.535069,-52.371822,-76.036537
54,-0.000025,0.000280,0.000102,-0.000204,0.008793,0.002491,-2.480585,1.339550,4.299797,-4.039971,-9.192983,-97.102623
55,-0.000026,0.000332,0.000113,-0.000222,0.010270,0.002599,1.096905,-2.738208,-7.032407,-29.719891,-23.625317,-89.664001
56,-0.000027,0.000393,0.000123,-0.000239,0.011852,0.002593,-2.298139,3.562718,4.929230,13.934381,6.418933,-96.790230
57,-0.000004,0.000193,0.000043,0.000474,0.005808,0.000137,0.971313,-1.561692,-1.281985,-15.991531,-13.429620,-95.276260
58,-0.000001,0.000222,0.000044,0.000555,0.006048,0.000181,-3.966790,1.124807,0.532447,1.242992,36.109413,-91.576866
59,0.000002,0.000253,0.000045,0.000637,0.006326,0.000182,5.470444,1.349239,1.174892,12.479360,-12.160699,-89.158569
60,0.000002,0.000299,0.000041,0.000412,0.008052,-0.000330,-4.396338,-3.177812,-2.422635,-11.581739,21.694508,-91.349487
61,0.000004,0.000339,0.000040,0.000398,0.008559,-0.000361,3.235252,-0.297301,2.823380,-8.090818,-28.490221,-91.732887
62,0.000006,0.000382,0.000036,0.000382,0.009054,-0.000633,-2.011684,3.961418,-1.591707,35.761150,-12.693226,-108.089058
63,0.000008,0.000429,0.000029,0.000361,0.009781,-0.000994,2.231883,-4.381546,-1.113521,-4.168331,-39.609486,-89.190887
64,-0.000017,0.000176,0.000026,-0.000150,0.007352,-0.000253,-0.669949,3.366303,2.967372,36.522671,-6.104002,-106.367653
65,-0.000018,0.000217,0.000024,-0.000172,0.008513,-0.000326,0.124095,-2.890098,-2.241435,20.791283,-13.747017,-104.014885
66,-0.000022,0.000248,0.000026,-0.000491,0.007993,0.000328,-1.206155,3.320466,0.576166,63.475342,11.334346,-105.000031
67,-0.000025,0.000290,0.000024,-0.000612,0.008523,0.000272,1.274300,-3.269956,0.673985,31.585928,-1.136028,-107.900543
68,-0.000028,0.000332,0.000023,-0.000733,0.008989,0.000266,-1.698814,1.328190,-0.921625,73.499847,34.635696,-94.580841
69,-0.000032,0.000378,0.000023,-0.000854,0.009494,0.000325,2.013190,-1.319787,-0.446878,74.951447,14.738157,-93.805435
70,-0.000034,0.000428,0.000024,-0.000686,0.010196,0.000567,-1.866832,3.271086,-0.704647,100.343018,28.393215,-83.790154
71,-0.000014,0.000221,0.000132,-0.000141,0.006792,0.002622,1.587738,-2.844755,3.394486,62.540760,25.308384,-101.828064
72,-0.000014,0.000254,0.000144,-0.000159,0.007251,0.002673,-1.514738,3.198743,-3.167249,116.780304,23.404388,-77.955475
73,-0.000015,0.000290,0.000148,-0.000178,0.007687,0.001954,1.477365,-3.792033,1.154269,127.037689,25.404453,-74.099052
74,-0.000016,0.000330,0.000159,-0.000194,0.008262,0.002103,-0.350782,2.376678,0.633311,83.484978,11.814557,-88.512917
75,-0.000017,0.000371,0.000171,-0.000211,0.008744,0.002193,0.259768,-0.595060,-1.557312,131.008957,4.964371,-80.858284
76,-0.000020,0.000417,0.000182,-0.000467,0.009405,0.002207,-1.678609,1.563561,1.203142,84.531822,33.852882,-97.505692
77,-0.000029,0.000197,0.000082,-0.000740,0.006944,-0.000153,-0.148624,-1.883118,0.183249,58.226765,65.867897,-119.136497
78,-0.000033,0.000234,0.000081,-0.000854,0.007809,-0.000213,1.237944,2.194077,-1.239403,101.275375,22.141905,-86.217941
79,-0.000035,0.000267,0.000075,-0.000683,0.007719,-0.000766,-0.927910,-2.020079,1.282128,69.659920,55.633041,-107.291267
80,-0.000038,0.000308,0.000073,-0.000701,0.008388,-0.000857,-0.800065,1.534972,-1.704976,128.174667,30.641548,-64.360306
81,-0.000042,0.000354,0.000070,-0.000719,0.009121,-0.000943,2.091779,-1.559698,2.382375,112.535202,22.759548,-71.405586
82,-0.000046,0.000403,0.000067,-0.000737,0.009880,-0.000979,0.677713,2.667700,-2.097444,126.544502,-7.997897,-68.940659
83,-0.000049,0.000452,0.000064,-0.000760,0.010091,-0.001044,-1.639907,-3.874834,1.866093,136.486877,4.583602,-68.920013
84,-0.000028,0.000178,0.000068,-0.000269,0.005855,0.000118,1.513818,2.158649,-1.584677,127.452446,-25.938925,-67.520760
85,-0.000029,0.000210,0.000070,-0.000279,0.006619,0.000296,-2.937344,-0.063501,0.832467,116.942337,17.126551,-66.906769
86,-0.000030,0.000245,0.000062,-0.000293,0.007325,-0.000558,2.904261,0.030934,-0.236405,120.790535,-34.276920,-67.686279
87,-0.000032,0.000283,0.000058,-0.000305,0.008054,-0.000838,-3.269576,-2.982662,-0.678226,147.364899,-13.278128,-78.738045
88,-0.000033,0.000326,0.000049,-0.000318,0.008858,-0.001357,2.436790,5.927758,1.757181,94.989449,-22.556656,-61.276985
89,-0.000035,0.000374,0.000033,-0.000331,0.009778,-0.002519,-0.699148,-7.072869,-0.277133,103.918831,-38.488773,-65.624397
90,-0.000037,0.000425,0.000019,-0.000343,0.010620,-0.002769,-0.601747,5.367436,-2.418614,112.733559,-0.400032,-68.376434
91,-0.000023,0.000184,0.000070,-0.000081,0.005463,0.000026,2.942947,-3.228501,3.668144,90.245430,-28.526619,-63.130245
92,-0.000021,0.000228,0.000073,0.000210,0.007796,0.000442,-2.183923,3.854478,-1.913226,110.200081,14.428149,-66.026154
93,-0.000020,0.000269,0.000073,0.000299,0.008888,0.000384,2.741952,-1.669290,-0.787431,132.198853,-24.059963,-68.084740
94,-0.000018,0.000317,0.000075,0.000389,0.010070,0.000496,-2.422249,-1.387360,0.505241,142.705093,8.435546,-69.522049
95,-0.000016,0.000370,0.000079,0.000479,0.011215,0.000675,0.680644,0.273124,0.345945,111.752251,-34.096016,-61.789268
96,-0.000016,0.000418,0.000075,0.000271,0.011127,-0.000037,-2.351243,3.235425,-1.647592,115.462868,15.091866,-62.125164
97,-0.000018,0.000180,0.000071,0.000148,0.005634,-0.000060,1.833184,-2.746273,2.640416,99.420685,3.696328,-65.452637
98,-0.000018,0.000208,0.000070,0.000135,0.006095,-0.000140,-2.812697,0.901970,-2.336610,136.861526,39.709427,-50.716732
99,-0.000017,0.000238,0.000067,0.000126,0.006538,-0.000377,3.563426,2.656347,2.951378,98.064903,7.379162,-67.451363
100,-0.000016,0.000274,0.000063,0.000119,0.007329,-0.000725,-1.158837,-4.561400,-3.395912,138.251221,20.310019,-57.352543
101,-0.000016,0.000314,0.000057,0.000110,0.008155,-0.001028,-0.277590,-0.345424,2.390214,100.110069,37.389458,-76.392807
102,-0.000015,0.000362,0.000058,0.000101,0.009529,-0.000363,0.592804,2.896551,-2.044357,121.385620,-1.209216,-69.019287
103,-0.000015,0.000412,0.000056,0.000091,0.010356,-0.000347,0.674939,-2.184473,1.896424,112.018707,-15.326057,-67.372757
104,-0.000025,0.000179,0.000104,-0.000058,0.005530,0.002219,-1.913840,2.298478,-1.068417,114.030449,27.777754,-67.697456
105,-0.000025,0.000209,0.000108,-0.000073,0.006239,0.001699,2.912574,-0.976357,1.565748,98.092453,-2.986640,-71.603714
106,-0.000026,0.000243,0.000118,-0.000085,0.006990,0.001969,-2.533840,2.217992,-1.112599,112.068581,37.459064,-67.286842
107,-0.000026,0.000281,0.000131,-0.000096,0.007728,0.002361,2.249115,-3.527969,0.760163,123.467407,41.679569,-60.307896
108,-0.000027,0.000324,0.000152,-0.000105,0.008682,0.003498,-2.792687,1.523236,-1.348947,131.367889,53.291264,-54.442997
109,-0.000027,0.000369,0.000171,-0.000117,0.009388,0.004015,3.202756,0.342718,1.809633,103.453278,31.303370,-73.415298
110,-0.000028,0.000418,0.000192,-0.000128,0.010020,0.004573,-2.760117,-0.958915,-2.873202,168.173859,48.207726,-28.432663
111,-0.000027,0.000215,0.000140,-0.000091,0.007174,0.002595,1.316479,0.623854,3.970881,116.507202,66.464714,-73.563934
112,-0.000027,0.000265,0.000151,-0.000099,0.008893,0.002630,-1.335514,-0.413782,-4.037448,177.875473,33.126995,-22.746788
113,-0.000028,0.000312,0.000164,-0.000110,0.009726,0.002854,1.733198,0.716125,1.882933,159.799316,22.335564,-31.409586
114,-0.000029,0.000362,0.000179,-0.000121,0.010655,0.003119,-0.919866,-1.360887,0.826190,-151.175034,53.590179,1.116813
115,-0.000029,0.000415,0.000197,-0.000132,0.011190,0.003454,0.311683,1.816335,-2.103123,156.712006,18.466230,-32.665878
116,-0.000030,0.000473,0.000214,-0.000144,0.011879,0.003629,-1.345427,-0.963735,1.210016,178.210251,62.860550,-17.398508
117,-0.000025,0.000187,0.000114,-0.000065,0.006006,0.001306,1.383116,-2.169853,0.024897,-124.785172,32.058529,27.776297
118,-0.000028,0.000220,0.000119,-0.000374,0.006872,0.001165,-1.390177,2.039481,-1.501431,167.571487,44.511120,-17.191750
119,-0.000030,0.000255,0.000125,-0.000481,0.007418,0.001195,2.155888,2.546317,2.755985,118.930634,32.762436,-48.819077
120,-0.000033,0.000291,0.000134,-0.000588,0.007850,0.001441,-4.213712,-3.721410,-3.614193,-171.983078,50.319252,0.829767
121,-0.000034,0.000324,0.000145,-0.000455,0.007652,0.001827,4.257772,2.727956,3.803684,156.738785,50.089935,-23.616705
122,-0.000037,0.000363,0.000154,-0.000466,0.008146,0.001858,-1.306759,-2.408792,-2.846050,-149.308670,28.100990,12.782885
123,-0.000039,0.000406,0.000163,-0.000478,0.008670,0.001867,-1.649594,1.064405,1.713563,-153.565765,77.298943,8.863354
124,-0.000039,0.000186,0.000037,-0.000394,0.005765,-0.002280,1.973733,0.172584,-0.866656,-172.458588,46.729004,-8.306084
125,-0.000041,0.000216,0.000024,-0.000406,0.006236,-0.002593,-1.836282,-1.228477,-0.145672,-107.192474,57.750824,45.955650
126,-0.000043,0.000248,0.000012,-0.000418,0.006722,-0.002718,1.367509,2.737234,1.671887,-25.078259,77.487137,124.898582
127,-0.000046,0.000281,-0.000000,-0.000430,0.007139,-0.002741,-1.762993,-3.150918,-1.663393,-112.621094,41.826740,42.566761
128,-0.000048,0.000317,-0.000008,-0.000441,0.007552,-0.002150,2.430603,1.971196,0.851856,-112.299133,34.717140,43.017597
129,-0.000050,0.000356,-0.000019,-0.000453,0.008038,-0.002089,-2.179756,0.734022,0.942679,-41.311451,78.209557,108.065727
130,-0.000052,0.000397,-0.000029,-0.000464,0.008420,-0.001974,1.996308,-0.843236,-3.341314,-147.014084,50.152786,6.357429
131,-0.000032,0.000190,0.000025,-0.000077,0.005622,-0.001732,-0.711677,-2.019156,4.366990,-63.723988,46.966824,73.917946
132,-0.000033,0.000222,0.000019,-0.000085,0.006417,-0.001426,2.758628,3.394282,-3.911757,-100.665810,57.327995,44.592155
133,-0.000033,0.000258,0.000015,-0.000092,0.007165,-0.001075,-2.795882,-2.095530,1.418933,-57.811974,48.656429,79.486504
134,-0.000034,0.000300,0.000010,-0.000097,0.008466,-0.001024,2.821063,1.838056,1.598001,-21.215715,21.887407,101.458824
135,-0.000034,0.000345,0.000005,-0.000104,0.009434,-0.001038,-5.083990,-3.555026,-2.779573,-78.360962,52.636311,63.594994
136,-0.000035,0.000394,-0.000001,-0.000112,0.010461,-0.001183,4.544661,4.539340,1.766919,-41.649540,50.987392,92.826073
137,-0.000031,0.000154,0.000081,-0.000054,0.004226,-0.000240,-4.105564,-3.419642,0.005016,-86.007729,50.933502,57.950565
138,-0.000028,0.000187,0.000095,0.000278,0.005610,0.000887,1.557290,2.557616,-0.755894,-114.005249,68.014610,33.847042
139,-0.000027,0.000216,0.000100,0.000365,0.006312,0.001029,2.583506,0.001877,-0.487480,-126.640472,43.236320,22.808947
140,-0.000025,0.000250,0.000106,0.000455,0.007065,0.001268,-3.433887,-1.531692,1.062055,-67.583130,62.090828,71.743980
141,-0.000024,0.000288,0.000117,0.000302,0.008014,0.002113,3.306117,1.857964,-0.014963,-46.456928,59.990810,90.771225
142,-0.000022,0.000331,0.000128,0.000296,0.008840,0.002434,-1.719458,-2.862187,-0.793065,-100.095810,36.633484,47.784889
143,-0.000020,0.000377,0.000140,0.000289,0.009699,0.002715,0.898615,1.375302,0.941962,-73.637497,39.340347,64.127792
144,-0.000018,0.000196,0.000083,0.000473,0.006410,0.000512,0.256300,-0.718797,-0.271917,-101.456001,-2.754857,54.579620
145,-0.000015,0.000230,0.000086,0.000561,0.007210,0.000659,-0.193549,0.181097,-0.560352,-152.235367,12.560031,50.089294
146,-0.000012,0.000268,0.000089,0.000649,0.008012,0.000726,-2.454238,1.772369,-0.264177,162.666763,51.130753,23.948833
147,-0.000010,0.000310,0.000092,0.000494,0.008774,0.000763,2.577243,-2.064039,-0.200213,-161.473312,22.321495,46.560947
148,-0.000008,0.000355,0.000096,0.000485,0.009515,0.000935,-0.803801,0.732972,1.621840,-171.380127,61.544918,39.415123
149,-0.000006,0.000404,0.000101,0.000476,0.010200,0.001083,-0.524135,0.225587,-1.562453,173.125336,23.898275,28.189980
150,-0.000003,0.000454,0.000109,0.000467,0.010501,0.001462,2.253951,-2.030337,0.344396,-153.470108,-10.988057,32.232433
151,-0.000017,0.000233,0.000124,0.000182,0.007635,0.001601,-2.929524,1.962753,0.983425,-173.968002,27.245396,29.257637
152,-0.000016,0.000272,0.000134,0.000172,0.008415,0.001798,2.542284,-0.343591,-0.319503,-167.923187,-22.710850,29.451956
153,-0.000015,0.000316,0.000144,0.000162,0.009250,0.001934,-0.768039,-0.090088,-0.897950,-172.380844,25.223942,29.224934
154,-0.000015,0.000354,0.000154,0.000155,0.009299,0.002117,-0.555099,0.019792,2.164363,-160.149948,59.782696,37.803574
155,-0.000014,0.000408,0.000164,0.000146,0.010253,0.002203,-1.073374,-0.745944,-2.017097,-159.928925,28.901421,37.842396
156,-0.000013,0.000464,0.000170,0.000136,0.011105,0.002097,1.559849,3.217844,0.471271,155.871704,12.182022,21.161062
157,-0.000013,0.000523,0.000166,0.000122,0.011943,0.001146,-3.034953,-5.025359,-0.062280,-152.784653,35.341366,43.709991
158,-0.000032,0.000226,0.000112,-0.000188,0.006746,0.001067,4.495880,1.947364,-0.394256,-172.484879,-2.704716,38.221416
159,-0.000033,0.000261,0.000118,-0.000201,0.007381,0.001179,-3.671233,1.151082,1.494060,172.179733,44.056370,32.436703
160,-0.000034,0.000304,0.000119,-0.000216,0.008563,0.000783,3.449935,-2.290660,-3.019071,-163.021317,-3.769985,41.981789
161,-0.000035,0.000346,0.000126,-0.000229,0.009133,0.000962,-1.437876,3.184270,2.672636,168.011520,11.262984,40.044712
162,-0.000036,0.000392,0.000134,-0.000242,0.009745,0.001229,2.172737,-3.535611,-0.901676,-146.274719,-16.555330,37.766342
163,-0.000037,0.000441,0.000143,-0.000254,0.010250,0.001332,-3.482443,2.278317,0.271656,-169.010239,21.441710,36.480911
164,-0.000032,0.000214,0.000048,-0.000122,0.007460,-0.002579,-0.220789,-0.518303,-0.123890,-117.517715,25.009792,58.456833
165,-0.000033,0.000253,0.000034,-0.000133,0.008349,-0.003054,0.175166,1.077470,1.233062,-91.159088,38.929058,73.253517
166,-0.000033,0.000296,0.000018,-0.000144,0.009190,-0.003510,-1.987357,-1.129117,-2.050825,-142.836945,41.926861,38.270382
167,-0.000038,0.000332,0.000007,-0.000497,0.008855,-0.003215,2.226878,0.843880,1.144582,-142.402786,26.423872,38.790543
168,-0.000040,0.000378,-0.000010,-0.000608,0.009472,-0.003575,-0.914073,-1.390754,-0.499000,-111.892319,31.289095,53.846199
169,-0.000044,0.000427,-0.000031,-0.000719,0.010076,-0.004001,1.050560,2.160123,0.407997,-124.471313,35.429379,46.827141
170,-0.000047,0.000480,-0.000054,-0.000832,0.010856,-0.004475,-0.410601,-1.973949,-0.687020,-110.066795,12.119374,52.425232
171,-0.000061,0.000182,0.000017,-0.001079,0.005658,-0.002479,1.324031,-0.156584,2.016095,-67.149094,-14.800392,51.995461
172,-0.000067,0.000211,0.000004,-0.001190,0.006240,-0.002599,-1.333498,2.068743,-4.009885,-101.773491,-7.801258,59.432983
173,-0.000073,0.000233,-0.000012,-0.001315,0.005723,-0.002913,2.098520,-0.748729,1.862916,-56.108891,-40.134529,39.480972
174,-0.000080,0.000262,-0.000027,-0.001430,0.005976,-0.003062,-0.447470,-0.330815,2.335700,-19.087959,-3.686924,24.441904
175,-0.000087,0.000290,-0.000042,-0.001546,0.006019,-0.003205,-2.281193,-0.800526,-3.660536,-44.971359,21.908287,20.019518
176,-0.000094,0.000321,-0.000057,-0.001417,0.006596,-0.003202,2.078258,-0.126634,1.964170,-21.290564,-24.730881,19.184032
177,-0.000045,0.000204,0.000056,-0.000350,0.007038,-0.001029,-3.675420,1.333006,-0.705353,-8.262346,14.681439,18.409872
178,-0.000046,0.000241,0.000051,-0.000356,0.007902,-0.001206,1.236049,-2.082351,-0.271662,-53.399033,-13.253913,18.010225
179,-0.000048,0.000283,0.000044,-0.000362,0.008799,-0.001465,0.217213,4.513990,1.057952,-8.991428,-19.183519,5.007738
180,-0.000046,0.000323,0.000033,-0.000038,0.009055,-0.001893,1.313291,-6.366350,-0.896978,-65.276207,-19.508955,25.150288
181,-0.000046,0.000369,0.000029,0.000052,0.009702,-0.001650,-1.728165,4.763209,0.292527,-39.224377,-14.972237,17.021900
182,-0.000045,0.000419,0.000024,0.000140,0.010368,-0.001462,2.780991,-2.795548,-0.187940,-80.012642,-41.109207,37.083164
183,-0.000044,0.000473,0.000029,0.000229,0.011041,0.000067,-1.701280,2.087292,-0.982821,-96.429100,-43.384842,47.799995
184,-0.000010,0.000188,0.000124,0.000908,0.005855,0.002223,-0.867458,-0.331312,2.639444,-43.500935,-16.628325,19.630993
185,-0.000006,0.000218,0.000136,0.000997,0.006444,0.002479,1.009514,1.007326,-2.639935,-71.535736,-45.818684,35.423222
186,-0.000001,0.000246,0.000147,0.001084,0.006597,0.002595,-0.368752,0.708272,3.105935,-14.223554,-20.337130,1.689288
187,0.000005,0.000283,0.000159,0.001173,0.007375,0.002622,1.374897,-4.219527,-3.921596,-68.949051,-30.883095,27.310263
188,0.000011,0.000325,0.000169,0.001262,0.008217,0.002519,-3.629323,3.140820,3.284898,-30.553442,-4.726125,14.833906
189,0.000016,0.000376,0.000179,0.001112,0.009803,0.002397,3.827281,-1.208924,-2.385518,-65.183884,-46.586739,31.321556
190,0.000022,0.000427,0.000191,0.001104,0.010688,0.002511,-2.845445,1.655202,1.425311,-32.719002,-20.598330,12.395619
191,-0.000012,0.000199,0.000185,0.000451,0.005879,0.004773,2.923124,-4.050483,0.253466,-77.331139,-35.136730,34.661594
192,-0.000010,0.000229,0.000208,0.000438,0.006448,0.005123,-3.284449,3.795025,-0.913381,-78.552650,-29.980844,35.593044
193,-0.000004,0.000267,0.000218,0.000762,0.007442,0.004080,3.940869,-0.180925,0.403411,-61.853699,-74.096687,21.354883
194,-0.000000,0.000305,0.000238,0.000849,0.008127,0.004050,-1.827705,-2.932901,1.094334,-67.669273,-22.339472,26.189558
195,0.000004,0.000346,0.000256,0.000934,0.008737,0.003897,0.608607,2.599621,-1.556551,-80.340965,-52.209343,34.042034
196,0.000007,0.000389,0.000272,0.000780,0.009099,0.003557,-0.068818,0.316855,1.235849,-14.100370,-29.181503,-13.081762
197,-0.000019,0.000197,0.000152,0.000190,0.006687,0.003035,-3.189622,-1.437158,-1.475727,-38.121120,4.468705,-7.810239
198,-0.000019,0.000233,0.000167,0.000178,0.007583,0.003291,1.954974,2.501827,1.861231,8.857909,-22.223137,-15.685213
199,-0.000018,0.000274,0.000165,0.000164,0.008528,0.001611,0.054786,-0.724365,-0.955086,-25.190868,-39.263668,2.174119
200,-0.000017,0.000319,0.000171,0.000152,0.009336,0.001218,0.311757,-3.207539,0.573634,-69.946213,-14.199526,23.577387
201,-0.000016,0.000367,0.000175,0.000140,0.010123,0.000731,0.136856,1.297438,-1.209165,-94.786018,-29.406507,32.726353
202,-0.000017,0.000413,0.000178,-0.000117,0.010124,0.000462,1.023018,2.395924,1.379204,-47.228168,-62.033974,-4.076298
203,-0.000018,0.000465,0.000180,-0.000227,0.010693,0.000028,-1.884712,-2.183654,-0.667957,-82.373917,-18.836901,20.640963
204,-0.000049,0.000166,0.000096,-0.000860,0.005012,0.000741,0.696659,0.734347,-0.458607,-116.501572,-60.376282,44.947487
205,-0.000054,0.000194,0.000081,-0.000974,0.005705,-0.001301,-0.516067,0.531071,2.258164,-28.303692,-51.347988,-32.509769
206,-0.000059,0.000227,0.000072,-0.001085,0.006567,-0.001960,-1.483049,-1.844418,-3.243462,-91.426453,-40.653732,15.187843
207,-0.000065,0.000265,0.000059,-0.001195,0.007484,-0.002653,-0.006430,0.996048,2.782552,-26.210529,-33.607037,-27.173674
208,-0.000071,0.000307,0.000044,-0.001306,0.008369,-0.003230,0.390155,1.509189,-1.993997,1.166611,-68.319214,-49.928963
209,-0.000080,0.000345,0.000028,-0.001714,0.008294,-0.003830,-0.290336,-0.733618,0.742280,-34.745033,-20.057156,-22.286217
210,-0.000089,0.000388,0.000008,-0.001924,0.008794,-0.004370,0.960984,0.528426,-0.173173,3.932681,-66.798714,-52.228374
211,-0.000078,0.000191,-0.000004,-0.001835,0.005932,-0.003938,0.745996,-3.076024,-0.558994,-85.924721,-41.210571,26.898451
212,-0.000085,0.000223,-0.000012,-0.001730,0.006706,-0.003234,-1.654459,5.596184,0.896721,-60.174229,-62.010799,6.255915
213,-0.000094,0.000259,-0.000030,-0.001842,0.007488,-0.003698,1.593359,-5.587100,-2.205775,-105.484932,-26.745028,40.427547
214,-0.000103,0.000300,-0.000052,-0.001954,0.008388,-0.004230,-1.181474,4.452037,3.520247,-78.677414,-36.990524,25.910828
215,-0.000113,0.000349,-0.000079,-0.002064,0.009831,-0.005072,0.132497,-3.256344,-3.734053,-125.875038,-12.673796,46.891808
216,-0.000124,0.000400,-0.000105,-0.002175,0.010657,-0.005361,0.281601,3.543078,2.820464,-123.127319,-28.969719,45.795311
217,-0.000055,0.000177,0.000057,-0.000905,0.005865,-0.000645,-0.574748,-4.804984,-2.237039,-115.493698,3.461334,44.359947
218,-0.000055,0.000205,0.000063,-0.000427,0.006153,0.000475,-0.690313,4.259668,3.550756,-101.151428,13.917495,46.791893
219,-0.000057,0.000241,0.000063,-0.000338,0.007009,0.000634,1.642365,-1.271165,-3.328231,-141.762207,-14.852595,46.996960
220,-0.000059,0.000280,0.000066,-0.000246,0.007845,0.000944,-1.974254,-0.174671,2.062660,-114.850388,14.986341,46.851822
221,-0.000060,0.000323,0.000072,-0.000154,0.008643,0.001316,2.217969,0.521190,-1.891055,-150.114929,-25.207422,50.022240
222,-0.000058,0.000366,0.000083,0.000220,0.008961,0.002005,-0.906388,-0.031798,1.792654,-122.799339,-18.272892,39.455200
223,-0.000056,0.000415,0.000094,0.000406,0.009667,0.002447,0.668496,-0.353096,-1.347932,-160.202637,-25.688925,53.472260
224,0.000003,0.000183,0.000130,0.001636,0.005746,0.003383,-0.213092,-0.901500,-0.336927,-121.397675,3.976706,45.669109
225,0.000009,0.000217,0.000150,0.001512,0.006851,0.004074,0.892708,0.172460,3.589175,-77.518204,-6.786651,44.626476
226,0.000017,0.000256,0.000172,0.001607,0.007979,0.004708,-0.656581,1.086924,-5.238583,-125.948448,-0.745374,48.175358
227,0.000025,0.000301,0.000198,0.001702,0.009182,0.005370,0.487561,-0.424391,3.532788,-78.743912,-7.070584,44.464111
228,0.000034,0.000351,0.000223,0.001794,0.010296,0.005640,-0.372455,-3.065301,-2.363064,-119.383392,3.728945,45.507771
229,0.000043,0.000405,0.000253,0.001887,0.011183,0.006306,-0.835144,4.174469,1.819536,-125.364510,17.596056,43.945541
230,0.000052,0.000463,0.000287,0.001980,0.012028,0.007039,3.982687,-2.349107,-2.072146,-128.576401,-32.342472,43.484215
231,0.000000,0.000188,0.000173,0.000790,0.005348,0.003869,-3.833578,-0.632667,2.570488,-102.109673,1.287913,36.435482
232,0.000004,0.000220,0.000195,0.000782,0.006147,0.004431,1.361283,2.022213,-2.984686,-149.790817,-15.388330,43.091408
233,0.000008,0.000256,0.000221,0.000774,0.006977,0.005062,0.486206,-1.901388,2.583058,-96.989975,-21.318954,25.282467
234,0.000012,0.000296,0.000249,0.000766,0.007795,0.005636,-0.744798,0.304771,-2.333912,-146.787918,-0.599407,35.474510
235,0.000015,0.000335,0.000263,0.000752,0.008129,0.004324,0.557001,0.512451,2.508056,-126.107498,-12.804266,32.783836
236,0.000019,0.000381,0.000285,0.000742,0.008910,0.004238,-1.528232,0.755798,-2.204565,-168.678909,18.913465,29.915596
237,-0.000031,0.000176,0.000099,-0.000160,0.005969,0.000012,-0.779126,-1.199604,-1.386065,-140.767212,23.163401,40.891285
238,-0.000035,0.000201,0.000094,-0.000495,0.006258,-0.000609,2.428105,0.022159,4.345728,-109.830902,10.180917,50.560669
239,-0.000037,0.000235,0.000090,-0.000601,0.007203,-0.000795,-2.905593,2.297512,-5.011609,-163.047531,28.383581,31.755266
240,-0.000040,0.000274,0.000086,-0.000705,0.008210,-0.000881,1.782391,-2.447502,3.320132,-120.510323,16.773533,49.098637
241,-0.000044,0.000321,0.000083,-0.000807,0.009573,-0.000958,0.914405,2.510096,-0.930329,-160.906738,5.598623,40.825447
242,-0.000048,0.000371,0.000077,-0.000912,0.010510,-0.001255,-0.693404,-2.283246,1.792264,-110.003502,15.522467,50.903286
243,-0.000053,0.000425,0.000069,-0.001018,0.011338,-0.001597,-0.598664,2.168490,-3.944806,-165.237015,16.477240,34.117836
244,-0.000060,0.000155,-0.000025,-0.001163,0.004730,-0.005301,-2.540781,-2.615617,2.908463,-113.103546,43.477856,63.019760
245,-0.000066,0.000180,-0.000053,-0.001270,0.005260,-0.005870,3.382501,0.804835,-1.823616,-138.981140,6.255541,51.840004
246,-0.000073,0.000207,-0.000083,-0.001378,0.005790,-0.006437,-3.997509,2.809779,0.719168,-164.469849,50.651634,39.080986
247,-0.000074,0.000252,-0.000111,-0.001046,0.007387,-0.006576,2.597878,-4.353442,-0.605579,-124.263512,9.686790,61.661846
248,-0.000080,0.000288,-0.000136,-0.001057,0.007982,-0.006515,-3.415407,5.061559,2.383616,-134.156403,45.190994,57.025223
249,-0.000085,0.000324,-0.000163,-0.001068,0.008417,-0.006494,4.414236,-2.964041,-3.624776,-138.027954,-8.100860,55.761959
250,-0.000090,0.000364,-0.000192,-0.001079,0.008884,-0.006607,-2.545841,1.860747,1.570327,-143.603760,25.701559,54.977135
251,-0.000043,0.000198,-0.000039,-0.000146,0.006270,-0.003726,1.147090,-2.525432,1.837754,-94.485138,2.506037,67.879822
252,-0.000044,0.000232,-0.000056,-0.000154,0.006946,-0.003549,-0.807655,3.271872,-1.622442,-123.244408,15.891536,63.337227
253,-0.000045,0.000268,-0.000073,-0.000163,0.007591,-0.003367,0.586457,-1.951640,-0.291177,-101.318314,-12.889845,63.834698
254,-0.000043,0.000309,-0.000081,0.000144,0.008410,-0.002362,1.790542,1.348583,2.083617,-58.023972,-45.146965,40.981747
255,-0.000042,0.000355,-0.000093,0.000234,0.009289,-0.002122,-2.820108,-2.071653,-2.706162,-97.884842,-9.839495,60.734871
256,-0.000040,0.000406,-0.000105,0.000323,0.010236,-0.001999,2.473141,3.757198,2.834539,-67.856972,-40.037849,46.957809
257,-0.000023,0.000192,0.000119,0.000438,0.005949,0.002502,-1.629884,-4.418845,-2.504245,-105.113174,-0.439023,61.776012
258,-0.000020,0.000224,0.000131,0.000431,0.006633,0.002841,0.464498,1.040953,2.548065,-61.991127,-8.192086,58.429600
259,-0.000018,0.000260,0.000146,0.000425,0.007329,0.003259,1.529638,0.757336,-2.600462,-102.309845,-34.958431,74.547630
260,-0.000016,0.000295,0.000164,0.000415,0.007479,0.003750,-1.892837,0.205457,1.214725,-76.042854,-0.683894,65.872932
261,-0.000014,0.000334,0.000184,0.000407,0.007978,0.004176,2.903392,-0.200974,0.223892,-71.477837,-53.011482,63.465733
262,-0.000012,0.000374,0.000206,0.000399,0.008423,0.004601,-3.286529,0.153286,-0.173842,-73.370697,-21.767838,64.605209
263,-0.000010,0.000418,0.000230,0.000392,0.008885,0.005030,3.941901,-0.105638,-0.243349,-82.123352,-70.629211,71.250397
264,-0.000018,0.000194,0.000169,0.000614,0.006156,0.003992,-3.152187,-0.991335,-0.461145,-94.625374,-37.774261,82.040077
265,-0.000014,0.000226,0.000191,0.000705,0.006823,0.004439,3.328984,0.676138,1.061942,-23.526106,-75.904472,17.573042
266,-0.000011,0.000262,0.000214,0.000795,0.007471,0.004850,-2.779336,1.007053,-1.091340,56.569283,-80.378876,-61.434093
267,-0.000009,0.000301,0.000225,0.000569,0.008188,0.003797,2.405678,-1.853581,0.763287,-65.410622,-56.070217,58.445686
268,-0.000007,0.000344,0.000244,0.000562,0.008930,0.003809,-4.012614,-0.873542,-0.270891,-73.273376,-17.902010,63.417328
269,-0.000004,0.000390,0.000262,0.000556,0.009661,0.003709,4.844977,1.401586,0.227194,-56.278679,-69.531204,50.055252
270,-0.000001,0.000439,0.000277,0.000548,0.010123,0.003221,-3.593057,1.999158,-1.190276,-44.757465,-80.223595,38.722668
271,-0.000035,0.000185,0.000119,-0.000096,0.005741,0.000830,2.571704,-3.685660,1.714062,-64.646790,-40.930511,57.358677
272,-0.000036,0.000216,0.000123,-0.000105,0.006409,0.000937,-4.512874,3.929650,-2.735559,-73.851921,-38.151310,63.396664
273,-0.000036,0.000246,0.000106,-0.000117,0.006652,-0.001531,4.108365,-2.961122,3.532386,-41.685291,-41.949539,42.261299
274,-0.000037,0.000284,0.000099,-0.000126,0.007505,-0.002101,-4.173100,1.894726,-4.517618,-60.298599,-40.655357,54.470695
275,-0.000038,0.000328,0.000088,-0.000133,0.008466,-0.002700,4.223773,-1.462350,4.865714,-19.776674,-40.239594,27.164879
276,-0.000038,0.000378,0.000075,-0.000141,0.009447,-0.003262,-5.003609,2.618160,-4.323084,-9.807199,-34.565693,20.836113
277,-0.000042,0.000422,0.000057,-0.000438,0.009337,-0.004146,2.610528,-1.639609,5.093774,-17.574053,-25.605011,24.486046
278,-0.000055,0.000161,0.000006,-0.000792,0.005743,-0.004193,-0.441500,-0.654131,-4.075597,-49.760078,-39.009384,41.979843
279,-0.000059,0.000193,-0.000017,-0.000895,0.006731,-0.004750,1.058142,1.564661,3.742749,7.193663,-25.060957,9.588681
280,-0.000061,0.000235,-0.000041,-0.000676,0.008126,-0.005168,-1.895013,-2.603290,-3.914682,-18.317051,-23.745243,19.919956
281,-0.000064,0.000275,-0.000066,-0.000683,0.008804,-0.005394,1.408997,3.759918,4.080355,30.637764,-17.837711,1.084884
282,-0.000068,0.000318,-0.000091,-0.000690,0.009451,-0.005603,-0.295742,-1.674665,-2.988986,32.348824,-30.078041,0.192918
283,-0.000073,0.000356,-0.000113,-0.000943,0.008949,-0.005101,-0.157909,0.862128,1.809121,25.986423,1.771697,1.590194
284,-0.000047,0.000179,-0.000006,-0.000551,0.006267,-0.003989,-1.805100,-3.409998,-1.217574,-10.737651,24.775175,-7.390049
285,-0.000050,0.000212,-0.000026,-0.000652,0.007012,-0.004361,2.463600,3.629085,1.689961,31.233860,-9.244340,-1.136058
286,-0.000049,0.000250,-0.000043,-0.000164,0.007971,-0.004097,-2.202471,-2.324325,-1.242109,9.232758,19.827993,-3.305298
287,-0.000049,0.000291,-0.000062,-0.000072,0.008734,-0.004106,0.519765,1.752703,0.173229,57.444054,-3.179095,4.186947
288,-0.000049,0.000337,-0.000080,0.000021,0.009576,-0.004083,1.478302,-2.470559,0.960131,15.431992,-27.680815,16.295254
289,-0.000049,0.000388,-0.000098,0.000113,0.010450,-0.004017,0.384323,2.586879,-0.692327,73.665215,-21.121790,-9.714220
290,-0.000051,0.000439,-0.000109,-0.000086,0.010864,-0.003177,1.569970,-2.247293,-1.368769,96.803528,-61.709267,-25.723320
291,-0.000013,0.000206,0.000121,0.000556,0.006787,0.003080,-1.760330,0.358477,3.390319,38.830868,-30.602285,19.167389
292,-0.000010,0.000240,0.000137,0.000554,0.007382,0.003606,1.655844,0.867503,-2.812609,106.031609,-51.255013,-28.215851
293,-0.000011,0.000270,0.000156,0.000220,0.007366,0.004137,-1.588749,-0.616803,1.318880,68.927155,-38.334869,-1.457529
294,-0.000010,0.000309,0.000179,0.000121,0.007964,0.004718,2.290309,0.439249,-0.596629,120.062263,-70.895332,-45.467205
295,-0.000010,0.000351,0.000205,0.000021,0.008572,0.005379,-1.710782,-2.596664,1.108992,-78.333061,-72.550804,153.872818
296,-0.000008,0.000396,0.000236,0.000164,0.009164,0.006128,0.531970,3.866924,-2.258550,127.186478,-54.177830,-54.195042
297,-0.000033,0.000183,0.000175,-0.000204,0.005297,0.004133,0.938712,-2.155910,1.130005,-79.854568,-72.934128,155.096283
298,-0.000034,0.000211,0.000196,-0.000208,0.005828,0.004520,-0.326070,0.420456,0.248720,26.837233,-59.977211,52.961750
299,-0.000035,0.000246,0.000219,-0.000214,0.006838,0.004894,-1.248197,-0.659492,-0.572847,0.749681,-60.263882,76.045311
300,-0.000036,0.000281,0.000246,-0.000218,0.007463,0.005421,2.054853,2.718666,0.878881,64.843353,-42.396564,22.963465
301,-0.000038,0.000319,0.000278,-0.000223,0.008030,0.006098,-1.162801,-3.863226,-1.840432,65.077141,-68.140747,23.237736
302,-0.000039,0.000358,0.000314,-0.000228,0.008571,0.006887,2.351115,3.195204,2.884051,48.365524,-33.398746,36.740501
303,-0.000040,0.000402,0.000350,-0.000232,0.009360,0.007306,-0.636229,-2.691230,-4.036318,72.139557,-55.093174,20.299215
304,-0.000033,0.000186,0.000154,-0.000098,0.005947,0.002671,-0.581432,1.228014,3.311166,32.451138,-13.470994,44.359478
305,-0.000033,0.000216,0.000168,-0.000102,0.006542,0.002944,-1.792320,-0.560649,-1.311638,38.071205,20.723413,44.353073
306,-0.000030,0.000244,0.000171,0.000223,0.006512,0.001917,0.967762,0.835808,-0.147970,68.479225,-23.132854,43.437950
307,-0.000029,0.000276,0.000179,0.000314,0.006913,0.001697,-0.346931,-1.424098,1.584825,16.722475,-14.086179,61.089066
308,-0.000027,0.000310,0.000187,0.000405,0.007202,0.001520,-1.238657,-0.754298,-2.746727,18.042450,-4.557006,61.030907
309,-0.000025,0.000385,0.000197,0.000250,0.008326,0.000684,0.342288,1.174579,-4.560315,48.305626,-11.002584,56.846870
310,-0.000027,0.000206,0.000051,0.000145,0.007362,-0.002232,0.177641,-1.903514,4.444757,-2.575429,-5.953768,64.170433
311,-0.000026,0.000249,0.000040,0.000144,0.008607,-0.002538,-1.614446,2.143588,-2.875962,26.009527,12.303599,65.362480
312,-0.000025,0.000293,0.000026,0.000140,0.009410,-0.002946,1.578167,-0.068443,1.429601,7.442119,-32.984718,68.648567
313,-0.000025,0.000342,0.000012,0.000137,0.010280,-0.003171,-0.438587,-3.367185,-0.051014,-48.654953,-18.180655,94.508163
314,-0.000024,0.000388,0.000003,0.000130,0.010123,-0.002589,-0.048709,2.920117,-1.095729,-25.000874,-31.962646,83.888908
315,-0.000023,0.000440,-0.000010,0.000125,0.010559,-0.002692,-0.704610,-1.421701,0.846156,-50.676910,9.692087,88.863632
316,-0.000036,0.000142,0.000003,-0.000062,0.004587,-0.003113,-1.521352,2.642227,-0.018163,-13.679252,38.487095,105.451363
317,-0.000036,0.000166,-0.000009,-0.000062,0.005106,-0.002987,0.747404,-5.279604,-0.854241,-68.742554,15.603829,78.276794
318,-0.000040,0.000195,-0.000009,-0.000397,0.005895,-0.001834,-0.541544,6.541872,0.355216,-41.921650,31.438938,89.548996
319,-0.000042,0.000226,-0.000021,-0.000495,0.006547,-0.002038,0.772437,-5.227087,-0.647806,-84.042549,2.587072,76.113304
320,-0.000044,0.000261,-0.000034,-0.000594,0.007264,-0.002250,0.540656,3.826730,1.979061,-53.672237,-2.518641,76.083290
321,-0.000047,0.000304,-0.000050,-0.000695,0.008441,-0.002680,0.338278,-2.814223,-2.218367,-105.078339,-5.522183,79.617538
322,-0.000051,0.000348,-0.000063,-0.000796,0.009200,-0.002707,-0.631977,0.620907,0.853904,-74.765472,18.519287,82.928581
323,-0.000041,0.000169,0.000079,-0.000607,0.005541,0.000874,-0.057186,2.905232,0.467387,-46.859303,33.557808,96.099319
324,-0.000045,0.000202,0.000072,-0.000707,0.006491,-0.000152,0.784961,-2.149878,0.027693,-78.382507,-5.548834,87.962494
325,-0.000048,0.000236,0.000072,-0.000807,0.007201,-0.000153,-0.214652,0.826526,0.324968,-48.853012,3.637918,87.567268
326,-0.000053,0.000273,0.000071,-0.000906,0.007872,-0.000242,-1.326128,0.919282,-0.939007,-52.718445,45.002857,85.840790
327,-0.000056,0.000310,0.000074,-0.000768,0.008026,0.000471,3.218482,-2.986558,1.363666,-60.105648,-7.486195,83.143707
328,-0.000060,0.000351,0.000077,-0.000772,0.008600,0.000830,-3.894004,1.513934,-1.792857,-70.881996,35.386570,80.085236
329,-0.000064,0.000395,0.000082,-0.000776,0.009206,0.001127,4.029102,1.885359,1.067840,-52.200619,4.525503,86.501343
330,-0.000035,0.000173,0.000125,-0.000164,0.004864,0.002135,-2.591801,-4.515885,-0.017949,-84.260780,27.098766,77.955727
331,-0.000036,0.000201,0.000157,-0.000167,0.005655,0.003972,2.665649,5.207304,0.450793,-73.643875,26.545139,83.297134
332,-0.000037,0.000231,0.000177,-0.000173,0.006280,0.004315,-0.120853,-4.603035,-1.108968,-100.483833,4.515976,75.708496
333,-0.000038,0.000264,0.000199,-0.000178,0.006930,0.004664,-0.297695,1.925212,0.775638,-88.991096,17.007250,77.907440
334,-0.000039,0.000305,0.000217,-0.000182,0.008156,0.004226,0.227569,0.401547,1.369698,-37.526817,7.618972,89.330910
335,-0.000040,0.000348,0.000238,-0.000184,0.009127,0.004329,-0.542065,-0.979248,-3.301207,-82.926544,17.173597,79.078728
336,-0.000034,0.000171,0.000160,-0.000059,0.005912,0.003011,0.249958,2.082860,2.817042,-33.708477,14.922393,93.941658
337,-0.000032,0.000205,0.000165,0.000245,0.006913,0.002162,0.558586,-1.558352,-0.946835,-83.677345,-4.252256,89.006119
338,-0.000030,0.000242,0.000176,0.000339,0.007703,0.002197,-2.273050,0.807691,-0.067956,-83.022820,44.827168,89.272148
339,-0.000028,0.000282,0.000187,0.000432,0.008494,0.002219,2.436795,-0.572379,-0.691472,-97.316185,0.743299,83.140068
340,-0.000028,0.000325,0.000197,0.000282,0.009088,0.001956,-2.927118,0.794428,0.899705,-79.214439,49.671448,91.399902
341,-0.000026,0.000372,0.000206,0.000278,0.009805,0.001817,2.179317,0.078978,1.599414,-48.468994,12.829000,108.209297
342,-0.000025,0.000422,0.000215,0.000273,0.010396,0.001690,-0.126037,0.024060,-3.818411,-91.761848,18.824377,95.541809
343,-0.000016,0.000165,0.000081,0.000588,0.004546,-0.000792,-1.122877,0.241318,3.101928,-34.316216,26.849220,120.251976
344,-0.000013,0.000191,0.000076,0.000679,0.004990,-0.000999,0.837814,-0.968023,-1.211322,-78.771225,3.725961,107.573692
345,-0.000010,0.000218,0.000068,0.000768,0.005384,-0.001314,0.128044,2.582934,1.334538,-44.115993,3.089878,109.841141
346,-0.000006,0.000248,0.000058,0.000857,0.005791,-0.001713,0.270298,-3.043288,-1.407525,-94.274559,-2.843762,109.517258
347,-0.000004,0.000282,0.000054,0.000658,0.006561,-0.001102,-1.695580,1.544573,0.275554,-89.928246,35.442604,110.720329
348,-0.000000,0.000316,0.000047,0.000652,0.007025,-0.001165,1.268563,-1.157779,0.173354,-85.130623,-17.234827,111.340782
349,0.000003,0.000350,0.000038,0.000644,0.007364,-0.001281,-0.936474,2.437994,-2.323457,-119.511475,-12.818060,120.243805
350,-0.000020,0.000169,0.000011,0.000196,0.005104,-0.003240,0.508899,-3.283917,4.073244,-66.171768,-10.659572,109.075691
351,-0.000020,0.000197,-0.000004,0.000188,0.005881,-0.003320,-2.230323,2.448690,-3.386950,-90.920815,7.451767,109.955009
352,-0.000019,0.000230,-0.000020,0.000181,0.006657,-0.003426,2.034034,-1.051746,2.160636,-51.720089,-27.991072,102.329842
353,-0.000018,0.000268,-0.000035,0.000178,0.007713,-0.003282,-1.517177,-1.153797,-0.164545,-73.854111,20.424057,103.750603
354,-0.000017,0.000309,-0.000052,0.000173,0.008503,-0.003246,0.388787,3.144534,-0.556218,-67.038651,33.179512,106.806091
355,-0.000016,0.000353,-0.000067,0.000168,0.009303,-0.003129,-1.029579,-2.334505,0.042576,-88.346291,23.984583,96.010887
356,-0.000021,0.000136,0.000034,0.000128,0.004332,-0.002148,0.192795,2.416469,-1.541188,-123.450966,36.143192,78.347572
357,-0.000020,0.000158,0.000020,0.000124,0.004818,-0.002478,2.088691,-2.919871,1.108692,-90.410919,-6.721164,87.729797
358,-0.000019,0.000184,0.000005,0.000119,0.005344,-0.002804,1.044226,2.487305,0.687325,-75.030807,-32.895763,82.537529
359,-0.000018,0.000212,-0.000011,0.000114,0.005892,-0.003107,-0.789644,-1.848919,-0.518749,-98.471222,9.237086,87.757294
360,-0.000032,0.000258,0.000004,-0.000856,0.007399,-0.001226,2.822913,1.375116,0.015421,-102.065727,-35.150192,88.462402
361,-0.000037,0.000297,-0.000004,-0.001055,0.008152,-0.001205,-4.718604,-1.001047,-0.385613,-103.770699,14.296456,88.543953
362,-0.000043,0.000342,-0.000012,-0.001253,0.009006,-0.001147,1.656757,0.697764,1.783434,-70.516724,-15.107317,87.941765
363,-0.000044,0.000198,0.000068,-0.000983,0.005869,-0.000563,-3.306920,-0.302225,-2.965479,-105.560478,21.832180,86.045494
364,-0.000050,0.000228,0.000065,-0.001087,0.006234,-0.000636,3.106246,-0.915336,2.823917,-69.995209,-16.214500,88.002403
365,-0.000055,0.000260,0.000061,-0.001191,0.006597,-0.000736,-4.103812,2.534005,-1.994815,-80.657486,16.774343,87.945892
366,-0.000059,0.000296,0.000057,-0.000999,0.007293,-0.000895,3.770611,-0.729083,0.762817,-71.538658,-35.292870,86.122513
367,-0.000064,0.000334,0.000051,-0.001008,0.007801,-0.001036,1.291704,-1.761742,0.485193,-74.686714,-34.992004,87.776993
368,-0.000069,0.000374,0.000044,-0.001017,0.008312,-0.001290,0.510332,2.023113,0.782332,-12.085187,-56.259144,39.502644
369,-0.000072,0.000422,0.000043,-0.000786,0.009359,-0.000569,1.111430,0.450149,-3.503821,-179.933075,-72.515221,-153.953384
370,-0.000045,0.000174,0.000140,-0.000041,0.006426,0.003184,-0.750574,-3.326679,4.311632,-55.071072,-52.053093,86.256264
371,-0.000045,0.000209,0.000158,0.000050,0.007515,0.003891,2.417869,2.919922,-5.066166,-175.361267,-67.988922,-159.970001
372,-0.000045,0.000251,0.000179,0.000142,0.008650,0.004583,-3.293154,-1.069058,4.558768,-59.885101,-74.540962,87.219200
373,-0.000047,0.000296,0.000190,-0.000108,0.009587,0.003822,0.960747,-0.347558,-2.685973,-163.857468,-43.587425,-175.283539
374,-0.000048,0.000344,0.000209,-0.000114,0.010353,0.004063,-2.197767,-0.105505,1.979047,-147.941544,-36.646652,174.083679
375,-0.000049,0.000395,0.000229,-0.000121,0.011077,0.004231,-1.333853,1.641071,-2.917936,171.312759,-0.426413,-172.093491
376,-0.000048,0.000442,0.000242,0.000106,0.010767,0.003364,0.630499,-2.374351,3.243111,-162.794647,-9.599138,-174.617493
377,-0.000008,0.000202,0.000141,0.000882,0.006392,0.001560,0.018554,1.374930,-2.475898,157.772141,-1.338063,-170.309814
378,-0.000004,0.000236,0.000149,0.000974,0.007198,0.001561,1.459686,0.417291,3.702347,131.733871,-21.553352,-164.979843
379,-0.000002,0.000281,0.000160,0.000762,0.008631,0.001934,1.140245,-2.481790,-5.026510,-174.318008,-17.440420,175.761688
380,0.000002,0.000323,0.000172,0.000758,0.009176,0.002235,-0.853350,2.178490,4.854815,166.408661,-23.854486,-177.360535
381,0.000006,0.000367,0.000184,0.000752,0.009699,0.002430,2.129400,1.373457,-3.495893,158.713028,-29.740055,-173.830460
382,0.000010,0.000410,0.000189,0.000745,0.009644,0.001698,-0.475468,-2.522792,2.530880,-169.452576,-45.352818,166.380386
383,-0.000026,0.000189,0.000069,0.000105,0.007273,-0.001519,-2.217969,-0.400423,-1.512855,-167.676956,7.290200,166.050613
384,-0.000025,0.000227,0.000061,0.000100,0.008217,-0.001843,-0.567762,0.655986,2.271050,-171.634338,27.507586,165.296310
385,-0.000025,0.000262,0.000051,0.000094,0.008360,-0.002207,0.445388,1.839559,-3.876173,159.191910,-0.802159,158.470184
386,-0.000024,0.000301,0.000036,0.000085,0.008711,-0.002797,-0.712529,-3.311031,4.333311,175.300369,5.707547,159.515106
387,-0.000024,0.000340,0.000016,0.000076,0.009015,-0.003475,-2.447880,3.261140,-3.959480,144.569839,23.680704,151.715424
388,-0.000024,0.000381,-0.000006,0.000067,0.009324,-0.004134,2.955217,-2.460501,3.699821,143.258484,13.693965,151.751770
389,-0.000023,0.000434,-0.000016,0.000069,0.010716,-0.003117,0.030771,1.077802,-3.148363,160.378235,-0.188361,154.271439
390,-0.000046,0.000156,0.000057,-0.000263,0.004730,-0.001575,-0.818068,0.575428,1.826052,128.101044,20.836382,147.839203
391,-0.000047,0.000180,0.000049,-0.000270,0.005151,-0.001748,2.064606,-1.152205,-1.717955,164.540634,-16.724316,148.929504
392,-0.000048,0.000211,0.000050,-0.000276,0.006035,-0.000905,-1.886637,1.624249,0.174496,129.997726,24.020451,146.401779
393,-0.000050,0.000242,0.000045,-0.000283,0.006589,-0.000927,3.617043,-2.021496,1.717603,129.782990,-3.772977,146.375946
394,-0.000051,0.000275,0.000039,-0.000290,0.007037,-0.001019,-4.172210,2.666945,-2.364119,130.982742,39.806927,146.793915
395,-0.000053,0.000308,0.000025,-0.000299,0.007333,-0.002094,0.863454,-3.123317,2.837298,128.532455,66.150711,144.948608
396,-0.000037,0.000174,0.000069,0.000042,0.006295,-0.000877,-0.764050,1.279888,-3.033045,154.042145,24.396477,164.367950
397,-0.000036,0.000206,0.000064,0.000039,0.006975,-0.001022,0.201480,-0.210508,2.660790,127.473724,39.693726,149.819717
398,-0.000036,0.000247,0.000062,0.000033,0.008296,-0.000741,-2.374129,2.845610,-3.758595,142.559891,27.003881,158.209747
399,-0.000036,0.000285,0.000054,0.000027,0.008833,-0.001027,4.006307,-3.728618,5.374605,140.198181,22.354380,157.326553
400,-0.000036,0.000324,0.000046,0.000020,0.009163,-0.001321,-3.362012,2.149963,-7.404342,162.933731,23.358204,166.436035
401,-0.000036,0.000361,0.000037,0.000012,0.009358,-0.001486,5.113584,0.179652,8.210598,147.563080,12.966897,161.753677
402,-0.000036,0.000419,0.000041,0.000017,0.011700,-0.000306,-2.328151,-1.265996,-6.519361,-174.443222,18.641073,172.730972
403,-0.000036,0.000471,0.000044,0.000013,0.012444,0.000234,0.611713,2.850908,4.166633,155.907822,24.709364,161.503326
404,-0.000045,0.000213,0.000148,-0.000117,0.005742,0.003523,1.319154,-4.147334,-0.572964,-154.591141,9.141593,176.370499
405,-0.000046,0.000250,0.000166,-0.000116,0.006937,0.003921,-2.451362,3.799691,0.445272,158.646255,36.470718,156.590195
406,-0.000046,0.000287,0.000184,-0.000120,0.007655,0.004090,1.815426,-3.489894,-2.219019,-155.214584,4.839669,174.068558
407,-0.000047,0.000329,0.000203,-0.000122,0.008509,0.004260,-2.462936,2.151911,3.506071,-162.084290,37.213387,171.154388
408,-0.000048,0.000381,0.000216,-0.000125,0.009970,0.003293,0.723542,0.690802,-2.897635,172.553925,-2.825137,162.745255
409,-0.000048,0.000433,0.000232,-0.000129,0.010816,0.003075,0.957037,-1.267053,1.756927,-161.130859,-26.722977,155.542389
410,-0.000041,0.000177,0.000131,-0.000026,0.005546,0.001756,-1.903993,-0.183972,-0.725628,-162.625793,26.612816,155.913132
411,-0.000042,0.000207,0.000143,-0.000033,0.006184,0.002145,3.651999,0.886658,0.565030,-171.804474,-14.927471,155.081985
412,-0.000042,0.000241,0.000154,-0.000038,0.006907,0.002356,-1.599842,0.523038,-2.249241,171.630295,25.974442,153.416306
413,-0.000042,0.000280,0.000166,-0.000043,0.007767,0.002604,-0.308545,-0.080934,3.562515,160.351501,54.057308,145.926926
414,-0.000042,0.000323,0.000179,-0.000047,0.008634,0.002770,2.094132,-1.846986,-1.973436,-164.103226,11.267973,166.951035
415,-0.000040,0.000360,0.000193,0.000235,0.008384,0.003098,-2.310080,1.449666,-0.413119,152.774963,49.776428,142.760376
416,-0.000039,0.000402,0.000209,0.000325,0.008675,0.003317,2.843288,0.391217,1.118954,135.889786,25.704411,132.183456
417,-0.000022,0.000182,0.000112,0.000717,0.005554,0.000803,-3.913305,-2.317943,-1.229987,-165.562500,59.879051,175.364639
418,-0.000022,0.000210,0.000120,0.000493,0.006067,0.001167,1.764999,2.055817,1.656392,126.469620,60.640118,114.741707
419,-0.000019,0.000243,0.000125,0.000490,0.006832,0.001131,0.933247,-2.194757,-3.487285,-171.553818,27.710337,161.845566
420,-0.000017,0.000282,0.000130,0.000489,0.007753,0.001088,-3.310595,1.184480,4.818906,174.556931,74.553383,150.063629
421,-0.000014,0.000333,0.000131,0.000491,0.009735,0.000575,2.845859,-0.067123,-5.037470,179.365173,22.690493,154.052292
422,-0.000012,0.000384,0.000134,0.000489,0.010621,0.000460,-0.248205,2.209294,6.077220,153.130264,42.163532,139.622665
423,-0.000029,0.000143,0.000087,0.000121,0.004733,-0.000037,-1.133427,-4.113148,-7.370498,-160.411011,17.434002,164.162186
424,-0.000032,0.000149,0.000090,-0.000183,0.003147,0.000409,1.964409,3.738777,7.356795,-168.034622,21.529074,161.972198
425,-0.000033,0.000170,0.000090,-0.000285,0.003573,0.000273,-1.092698,-3.167374,-5.109725,-148.895981,10.995460,167.523331
426,-0.000034,0.000193,0.000088,-0.000386,0.003960,0.000114,0.811309,3.090842,4.193504,-154.263062,13.078222,166.564194
427,-0.000036,0.000217,0.000085,-0.000488,0.004322,-0.000086,-2.469933,-3.780538,-3.546765,-134.111557,24.947384,173.287872
428,-0.000039,0.000251,0.000081,-0.000586,0.005596,-0.000135,3.715025,4.684535,2.710983,-145.859695,14.413124,169.266083
429,-0.000042,0.000285,0.000076,-0.000686,0.006406,-0.000439,-3.882240,-1.563331,-3.447887,-154.569504,43.135544,164.877716
430,-0.000056,0.000183,0.000020,-0.000935,0.006791,-0.003279,1.953469,-1.002176,2.674156,-113.263214,33.997795,-168.307510
431,-0.000058,0.000223,0.000011,-0.000707,0.007854,-0.002851,-2.921178,-1.868638,-2.061730,-136.665665,45.739902,176.668503
432,-0.000061,0.000264,-0.000004,-0.000708,0.008650,-0.002828,1.799192,3.289651,0.842258,-179.609253,49.632877,144.269012
433,-0.000065,0.000309,-0.000017,-0.000709,0.009471,-0.002654,-0.222530,-5.082770,-0.337068,-116.797539,26.192093,-173.664612
434,-0.000068,0.000351,-0.000024,-0.000712,0.009286,-0.001904,-0.206728,5.676789,-0.452311,-156.859787,42.831490,162.554092
435,-0.000072,0.000398,-0.000035,-0.000715,0.009682,-0.001880,-1.329649,-2.378306,1.152137,-87.105453,39.404720,-148.154694
436,-0.000075,0.000447,-0.000045,-0.000720,0.010019,-0.001825,1.367512,1.046420,-2.009029,-132.067719,22.899910,-172.970078
437,-0.000043,0.000158,-0.000006,0.000156,0.005035,-0.003035,-0.281446,-0.341055,3.219301,-79.722359,30.525467,-147.538712
438,-0.000042,0.000187,-0.000021,0.000253,0.005825,-0.003005,1.693352,0.221831,-1.643088,-114.044083,-0.767419,-156.625275
439,-0.000040,0.000219,-0.000036,0.000349,0.006543,-0.002949,-2.754636,-0.882258,0.439558,-95.297798,48.790276,-147.938965
440,-0.000040,0.000254,-0.000045,0.000204,0.007299,-0.002188,3.540789,-0.107472,-0.345315,-100.142517,10.831836,-150.517395
441,-0.000039,0.000292,-0.000055,0.000203,0.007974,-0.001852,-2.635198,1.208352,0.296135,-97.517647,62.303570,-148.892303
442,-0.000038,0.000334,-0.000063,0.000202,0.008628,-0.001508,2.708064,0.243396,-0.928637,-120.514313,36.556843,-167.036972
443,-0.000035,0.000173,0.000105,0.000220,0.005833,0.001377,-2.314721,-2.818000,0.969910,-75.593803,39.209858,-138.503723
444,-0.000031,0.000208,0.000115,0.000553,0.006849,0.001703,-0.512386,3.976739,-1.025061,-74.295799,79.287384,-137.089996
445,-0.000028,0.000243,0.000122,0.000650,0.007501,0.001685,1.878246,-2.970997,1.135204,-69.960503,29.313023,-133.243149
446,-0.000024,0.000281,0.000128,0.000745,0.008090,0.001656,-2.886706,2.634536,-2.327024,-121.078018,72.801613,-176.931610
447,-0.000022,0.000320,0.000134,0.000596,0.008422,0.001410,2.150979,-1.283175,4.002101,-42.873356,42.213608,-106.294243
448,-0.000019,0.000364,0.000141,0.000595,0.009185,0.001474,-0.105444,1.346602,-3.722478,-105.456520,67.307991,-160.305496
449,-0.000016,0.000412,0.000149,0.000594,0.009972,0.001616,3.045925,-3.209751,1.200232,-83.132042,19.997776,-143.634201
450,-0.000031,0.000193,0.000130,0.000258,0.006618,0.002583,-2.743075,1.952795,1.751789,-32.253639,56.919220,-108.489655
451,-0.000030,0.000230,0.000142,0.000259,0.007512,0.002908,2.401038,-2.167982,-2.079172,-82.315865,30.834515,-145.120422
452,-0.000028,0.000270,0.000155,0.000259,0.008357,0.003126,-1.027413,3.918764,-0.243727,-71.977074,69.801582,-136.633041
453,-0.000027,0.000311,0.000158,0.000255,0.008779,0.001902,0.381186,-3.722708,2.401927,-59.440121,18.900301,-126.957855
454,-0.000026,0.000356,0.000167,0.000254,0.009516,0.001839,0.088375,1.995738,-1.075673,-56.991478,35.330841,-126.077850
455,-0.000024,0.000405,0.000176,0.000252,0.010214,0.001819,-2.305179,-2.531482,-1.115878,-106.271530,41.036972,-157.998444
456,-0.000023,0.000457,0.000185,0.000251,0.010833,0.001846,2.471696,2.582839,2.363166,-79.534340,40.482403,-140.751160
457,-0.000031,0.000168,0.000095,0.000104,0.004883,-0.000183,-2.535997,-2.072618,-2.670706,-132.821838,39.798061,-176.077057
458,-0.000031,0.000197,0.000090,0.000104,0.005559,-0.000431,1.508984,3.006939,2.779176,-132.443039,58.755154,-175.287048
459,-0.000030,0.000230,0.000085,0.000102,0.006237,-0.000662,1.119440,-1.830410,-3.169895,-145.824478,8.190321,176.495773
460,-0.000030,0.000245,0.000105,0.000096,0.005562,0.000859,-1.222308,-0.879421,1.903699,-99.082520,33.293072,-165.580276
461,-0.000029,0.000275,0.000115,0.000092,0.005897,0.001301,-0.204639,2.450798,1.270315,-62.838326,61.504471,-137.704071
462,-0.000029,0.000300,0.000128,0.000087,0.005973,0.001818,1.649202,-2.158125,-2.466408,-113.076431,23.315121,-174.779388
463,-0.000037,0.000162,0.000062,-0.000025,0.006166,-0.001887,-2.381163,0.335091,1.022594,-68.422035,68.804474,-138.722580
464,-0.000037,0.000195,0.000052,-0.000027,0.007115,-0.002262,1.396021,2.655813,1.965546,20.904135,48.266254,-57.470268
465,-0.000037,0.000233,0.000039,-0.000030,0.008088,-0.002671,-1.409745,-4.558434,-2.680997,-72.291695,60.318920,-139.200180
466,-0.000037,0.000260,0.000037,-0.000042,0.007163,-0.001613,0.679773,4.547341,0.899738,38.389706,64.307800,-35.186249
467,-0.000038,0.000297,0.000026,-0.000048,0.007564,-0.001869,-1.248817,-3.755572,-0.676065,-82.781670,54.097710,-148.809753
468,-0.000038,0.000337,0.000012,-0.000054,0.008021,-0.002170,0.934812,4.238716,2.050615,1.243545,62.362362,-73.972992
469,-0.000038,0.000381,-0.000004,-0.000060,0.008598,-0.002525,-1.442364,-4.576103,-3.829585,-108.053963,51.540108,-173.798279
470,-0.000034,0.000166,0.000079,0.000028,0.006092,-0.000828,2.124133,3.231981,2.818564,-56.868202,64.423500,-129.043686
471,-0.000034,0.000199,0.000074,0.000024,0.007016,-0.001218,-2.993639,-4.173469,-1.345023,-104.163147,39.116154,-167.816238
472,-0.000034,0.000236,0.000065,0.000020,0.007898,-0.001698,1.825486,6.054864,-0.034049,-129.266281,57.261166,173.225677
473,-0.000034,0.000272,0.000045,0.000013,0.008120,-0.003123,0.134099,-7.483826,1.039514,-90.440323,16.396767,-161.534363
474,-0.000033,0.000315,0.000034,0.000011,0.008909,-0.003168,-1.217530,6.710916,-1.854948,-109.812042,39.430904,-171.078598
475,-0.000033,0.000364,0.000022,0.000008,0.009805,-0.003234,-0.206466,-3.918646,3.286315,-62.645905,13.497380,-148.788116
476,-0.000033,0.000419,0.000020,0.000010,0.010833,-0.001628,-0.589462,1.077998,-4.757497,-107.964081,22.957109,-164.191696
477,-0.000030,0.000179,0.000059,0.000126,0.005326,-0.001317,1.943552,0.379181,6.165783,-59.526031,8.760777,-149.593719
478,-0.000029,0.000208,0.000052,0.000122,0.005784,-0.001530,0.045673,-0.962653,-6.440950,-109.779793,8.008245,-157.128952
479,-0.000026,0.000230,0.000054,0.000409,0.005255,-0.000532,-1.523515,2.245769,3.696292,-73.089508,28.885153,-144.823074
480,-0.000024,0.000259,0.000050,0.000500,0.005559,-0.000551,2.621959,-2.492254,-0.891932,-94.253235,-19.484861,-146.767792
481,-0.000021,0.000288,0.000044,0.000590,0.005777,-0.000676,-1.574613,4.100652,0.730645,-88.625008,-18.047243,-148.834641
482,-0.000018,0.000328,0.000035,0.000684,0.007302,-0.000990,1.538553,-3.780665,-1.294205,-108.087036,-21.055683,-142.449265
483,-0.000014,0.000366,0.000030,0.000777,0.007971,-0.000910,-2.269137,0.609999,-0.234893,-117.209267,23.169142,-142.703629
484,-0.000011,0.000203,0.000137,0.000948,0.006604,0.002519,0.610681,2.324235,2.437933,-95.299973,33.390930,-132.057068
485,-0.000006,0.000236,0.000153,0.001042,0.007201,0.002947,0.662416,-3.208173,-1.465010,-111.712418,-3.585330,-136.478226
486,-0.000004,0.000267,0.000176,0.000808,0.007267,0.003946,0.251147,2.772813,-0.032122,-133.496201,-11.164273,-133.848511
487,0.000000,0.000304,0.000196,0.000805,0.007748,0.004220,-0.936330,-2.823960,0.749424,-90.082840,11.410048,-133.969803
488,0.000004,0.000344,0.000216,0.000802,0.008191,0.004455,0.327276,2.485896,-0.920345,-110.462189,14.531247,-138.927002
489,0.000008,0.000387,0.000231,0.000797,0.008845,0.003858,1.249371,-1.824077,0.316314,-87.195709,-24.406672,-141.526169
490,-0.000024,0.000178,0.000148,0.000175,0.005974,0.002849,-1.087386,1.581892,1.249274,-54.538685,-12.556284,-151.762817
491,-0.000023,0.000210,0.000164,0.000172,0.006698,0.003187,3.014885,-1.554960,-0.561622,-87.653755,-52.626217,-132.191513
492,-0.000022,0.000241,0.000179,0.000163,0.006936,0.003280,-1.857828,1.973428,-1.801484,-137.936646,-50.151733,-91.987816
493,-0.000022,0.000275,0.000195,0.000157,0.007349,0.003413,0.258164,-0.739696,2.117300,-57.726685,-44.310490,-155.522263
494,-0.000021,0.000312,0.000212,0.000150,0.007781,0.003651,-0.192250,-1.366058,-0.519291,-98.592278,-8.327957,-135.872803
495,-0.000020,0.000354,0.000229,0.000145,0.008509,0.003500,-0.602279,0.699439,-0.751823,-137.541077,15.093822,-138.642838
496,-0.000019,0.000398,0.000247,0.000140,0.009092,0.003539,1.198582,-0.119733,-0.169069,-138.697510,-37.886002,-138.818420
497,-0.000040,0.000214,0.000114,-0.000176,0.007350,0.000706,-3.361384,-0.110388,0.918885,-128.757767,-1.472692,-141.944519
498,-0.000041,0.000252,0.000117,-0.000180,0.008142,0.000680,2.861551,1.214949,-1.013562,-161.973618,-45.784737,-126.949493
499,-0.000042,0.000282,0.000111,-0.000189,0.007759,-0.000256,-0.631608,-0.942322,1.864356,-102.703308,-46.434647,-171.410629
500,-0.000043,0.000323,0.000110,-0.000193,0.008389,-0.000470,-0.285115,0.340364,-1.776428,-160.969101,-21.584286,-136.118073
501,-0.000044,0.000368,0.000108,-0.000197,0.009027,-0.000643,-1.651294,-1.743113,1.266882,-121.450867,6.999652,-141.470474
502,-0.000045,0.000419,0.000109,-0.000200,0.010131,-0.000301,2.362257,3.566622,-1.600944,-160.440170,-17.686460,-137.911270
503,-0.000037,0.000140,0.000054,-0.000037,0.004726,-0.001674,-0.636444,-4.036806,0.517315,-109.697495,-1.025221,-146.312241
504,-0.000037,0.000165,0.000043,-0.000040,0.005332,-0.001949,-1.751465,4.420655,0.044813,-127.372643,18.518135,-148.531860
505,-0.000037,0.000191,0.000025,-0.000047,0.005814,-0.002953,2.782038,-2.545603,1.107492,-94.711655,-23.695360,-149.818787
506,-0.000038,0.000223,0.000010,-0.000050,0.006522,-0.003285,-2.438138,0.061236,-2.382259,-130.385239,14.133711,-146.469849
507,-0.000038,0.000259,-0.000007,-0.000054,0.007282,-0.003646,1.804245,-1.158013,1.734090,-90.300934,-19.491266,-148.418915
508,-0.000038,0.000300,-0.000018,-0.000054,0.008386,-0.002981,-2.817997,4.546779,0.345573,-86.974922,-7.575284,-149.532425
509,-0.000038,0.000344,-0.000033,-0.000057,0.009257,-0.003202,3.215530,-4.837820,-2.187601,-111.293472,-29.593262,-141.858871
510,-0.000036,0.000143,0.000084,0.000007,0.004329,0.000689,-0.746709,0.257912,3.552828,-59.316227,-20.556263,-164.866989
511,-0.000036,0.000163,0.000087,0.000001,0.004583,0.000888,-0.934285,1.736860,-3.690228,-92.561707,-21.309261,-152.357986
512,-0.000036,0.000183,0.000075,-0.000011,0.004679,-0.000513,-0.036170,0.987395,2.069636,-40.578194,-21.272188,-172.255920
513,-0.000036,0.000209,0.000071,-0.000016,0.005101,-0.000900,0.394639,-3.046324,-0.115772,-83.772331,-10.468179,-159.777161
514,-0.000036,0.000235,0.000063,-0.000021,0.005442,-0.001408,0.826681,3.422405,-0.629236,-88.527550,-33.124741,-158.147034
515,-0.000036,0.000266,0.000056,-0.000025,0.006371,-0.001416,-2.482753,-2.190852,0.867860,-76.872398,18.168730,-159.850296
516,-0.000036,0.000300,0.000048,-0.000029,0.007032,-0.001495,2.228407,1.304371,-2.157530,-105.647675,-8.691668,-162.618195
517,-0.000037,0.000185,0.000113,0.000006,0.006669,0.001998,-2.591058,-2.711011,2.434833,-67.188583,25.067093,-156.491440
518,-0.000037,0.000223,0.000128,0.000007,0.007671,0.002703,4.126019,1.578919,-0.682939,-67.393005,-11.927937,-156.410797
519,-0.000037,0.000263,0.000142,0.000005,0.008547,0.003112,-3.049377,0.396416,-1.314429,-85.733437,33.189953,-160.120682
520,-0.000037,0.000310,0.000159,0.000004,0.009586,0.003570,3.372032,-0.022830,3.611522,-49.167053,-3.408368,-150.128540
521,-0.000037,0.000364,0.000174,0.000002,0.010667,0.003466,-3.248272,0.480604,-4.925224,-82.415855,23.951763,-156.564133
522,-0.000037,0.000419,0.000192,-0.000001,0.011360,0.003655,5.020012,-1.156877,4.772042,-49.180202,-17.596233,-155.007294
523,-0.000032,0.000176,0.000125,0.000092,0.006472,0.001774,-4.920747,1.836896,-3.189887,-59.921425,14.977270,-154.386307
524,-0.000032,0.000215,0.000136,0.000089,0.007528,0.002067,2.887792,-1.391802,3.462055,-33.190639,-25.769489,-156.904221
525,-0.000031,0.000260,0.000150,0.000085,0.008730,0.002497,-1.757431,1.052566,-3.309467,-48.152405,-23.071148,-150.765076
526,-0.000031,0.000305,0.000163,0.000080,0.009515,0.002647,-0.934639,-1.831112,0.548238,-67.924217,16.829548,-149.460526
527,-0.000030,0.000355,0.000176,0.000075,0.010410,0.002750,2.195189,1.682561,1.113258,-38.034790,-16.002491,-149.479782
528,-0.000030,0.000406,0.000184,0.000067,0.010723,0.002135,-1.636777,-0.502700,-0.446088,-59.165821,31.430237,-152.788071
529,-0.000030,0.000461,0.000195,0.000061,0.011384,0.002032,2.707198,0.042719,-1.178648,-76.451653,-5.822765,-157.218643
530,-0.000039,0.000148,0.000117,-0.000104,0.004151,0.001184,-0.821182,0.265961,2.434059,-26.273205,10.948483,-154.037216
531,-0.000043,0.000185,0.000121,-0.000412,0.006058,0.000934,0.229293,1.299054,-1.728106,-15.470737,14.882959,-151.589050
532,-0.000045,0.000217,0.000125,-0.000514,0.006873,0.000795,0.202060,-2.383201,-1.014388,-68.260361,7.005762,-162.392410
533,-0.000048,0.000254,0.000127,-0.000615,0.007841,0.000633,1.331503,0.940915,2.978531,-19.191772,-14.050462,-165.661713
534,-0.000050,0.000296,0.000127,-0.000475,0.008610,0.000118,-3.973133,-0.650854,-2.976252,-36.824989,21.481104,-166.960876
535,-0.000052,0.000340,0.000127,-0.000480,0.009264,-0.000069,3.341444,1.593491,2.630076,-4.298072,-20.795668,-166.924149
536,-0.000054,0.000387,0.000127,-0.000485,0.009852,-0.000265,-2.477383,0.722440,-3.013851,2.635128,-2.745660,-168.445892
537,-0.000045,0.000157,0.000088,-0.000250,0.004524,-0.000729,0.287890,-4.122825,3.074761,-42.149513,-3.953554,-165.859238
538,-0.000046,0.000184,0.000090,-0.000251,0.005171,-0.000539,0.920242,5.699709,-2.194510,-16.418663,-15.280601,-170.126419
539,-0.000047,0.000213,0.000094,-0.000253,0.005715,-0.000260,-1.435968,-4.944728,0.107765,-64.212395,5.939279,-165.909500
540,-0.000048,0.000241,0.000098,-0.000257,0.006111,-0.000070,0.321739,2.866448,1.771430,-18.703373,2.234429,-162.499176
541,-0.000049,0.000280,0.000094,-0.000260,0.007501,-0.000714,0.136892,-2.485041,-1.707980,-69.991898,-0.145215,-163.596756
542,-0.000051,0.000316,0.000094,-0.000264,0.008120,-0.000745,0.642776,2.222072,1.285838,-28.721706,-12.195971,-168.515152
543,-0.000032,0.000129,0.000053,0.000080,0.003956,-0.001179,0.878453,0.142977,-2.383799,-56.508411,-39.247997,-155.820389
544,-0.000032,0.000148,0.000048,0.000075,0.004392,-0.001089,-2.492818,0.974762,2.898142,-19.162237,-0.748610,-169.583649
545,-0.000031,0.000172,0.000042,0.000070,0.004972,-0.001169,1.840059,-1.535119,-0.303494,-59.916752,-38.265503,-154.754532
546,-0.000031,0.000197,0.000035,0.000064,0.005370,-0.001243,-0.616911,0.133108,-3.183152,-117.006493,-33.473549,-119.359978
547,-0.000031,0.000222,0.000028,0.000057,0.005542,-0.001380,0.451708,-0.143733,3.871069,-54.137581,-34.665081,-157.181839
548,-0.000030,0.000251,0.000021,0.000052,0.006111,-0.001444,-2.196887,0.126023,-3.260548,-92.362595,-19.287785,-139.331024
549,-0.000030,0.000284,0.000014,0.000048,0.006730,-0.001554,4.255849,1.771566,2.493137,-44.243427,-60.021362,-173.408813
550,-0.000029,0.000164,0.000089,0.000106,0.006105,0.000260,-3.895905,-3.686298,-1.851753,-83.093948,-21.347569,-145.792145
551,-0.000029,0.000194,0.000095,0.000100,0.006790,0.000569,2.150682,2.350804,2.107150,-29.645462,-50.970989,-179.856400
552,-0.000029,0.000226,0.000101,0.000095,0.007384,0.000834,-0.475236,-2.057200,-3.451109,-102.788612,-41.715340,-123.167648
553,-0.000028,0.000259,0.000109,0.000090,0.007875,0.001116,-0.396638,2.591550,4.483555,-38.793037,-45.904766,-170.118454
554,-0.000028,0.000302,0.000112,0.000089,0.009212,0.000690,0.300501,-1.540508,-3.699245,-112.368263,-42.189648,-115.234192
555,-0.000028,0.000344,0.000116,0.000087,0.009836,0.000670,0.144152,-0.370115,3.074362,-45.729198,-32.236488,-159.046707
556,-0.000027,0.000389,0.000117,0.000083,0.010399,0.000486,-0.102076,1.860983,-4.479469,-82.607094,-53.502495,-133.344604
557,-0.000029,0.000136,0.000100,0.000065,0.004013,0.000433,-0.198873,-2.339942,5.533869,-35.646786,-17.673735,-162.651779
558,-0.000029,0.000159,0.000102,0.000064,0.004886,0.000447,0.884896,-0.089585,-5.651950,-75.226883,-34.616402,-144.219925
559,-0.000029,0.000188,0.000103,0.000062,0.005838,0.000317,-1.766707,2.685045,4.655177,-23.142099,-16.974789,-168.351959
560,-0.000027,0.000225,0.000103,0.000302,0.007229,0.000140,2.799321,-3.883529,-3.510672,-78.935593,-35.961479,-141.454575
561,-0.000025,0.000263,0.000105,0.000397,0.008017,0.000292,-2.078218,5.171242,1.940266,-41.702545,-40.432655,-165.173416
562,-0.000023,0.000304,0.000108,0.000491,0.008766,0.000546,0.799948,-3.815226,-2.561464,-101.942963,-25.207840,-129.999390
563,-0.000022,0.000342,0.000115,0.000345,0.008571,0.001112,-0.591156,2.804432,2.642659,-67.007591,-33.259174,-147.894791
564,-0.000029,0.000188,0.000061,0.000207,0.005777,-0.001805,-1.033339,-2.373794,-0.272273,-89.501503,9.498989,-142.577637
565,-0.000028,0.000218,0.000052,0.000204,0.006287,-0.002048,1.516780,1.327233,2.056919,-50.423855,-15.066385,-144.465179
566,-0.000027,0.000250,0.000041,0.000201,0.006713,-0.002269,-0.762353,-2.768178,-4.223431,-102.680832,-4.055105,-135.246643
567,-0.000026,0.000274,0.000042,0.000202,0.006100,-0.001309,-0.182093,2.023741,4.270194,-59.654713,-3.322825,-138.223419
568,-0.000025,0.000308,0.000035,0.000202,0.006597,-0.001282,0.520212,1.104492,-2.716402,-93.769356,-14.303813,-133.089310
569,-0.000024,0.000343,0.000030,0.000201,0.007002,-0.001141,1.475333,-1.164224,0.509919,-70.830086,-45.533569,-145.392624
570,-0.000032,0.000190,0.000056,0.000411,0.006522,-0.001851,-3.090200,-0.888453,0.505442,-68.225105,2.030603,-146.164276
571,-0.000030,0.000224,0.000046,0.000505,0.007197,-0.002065,4.748575,1.299183,1.501895,-43.525684,-45.713947,-156.234589
572,-0.000027,0.000261,0.000035,0.000599,0.007799,-0.002316,-4.543465,1.756623,-3.965920,-61.555225,-41.938793,-143.955551
573,-0.000027,0.000291,0.000026,0.000383,0.007362,-0.002142,4.443213,-1.387108,5.144761,-18.693645,-40.537937,-172.948318
574,-0.000025,0.000331,0.000016,0.000381,0.008020,-0.002232,-4.404475,-0.879308,-2.756419,-37.614723,-19.228121,-163.429565
575,-0.000023,0.000374,0.000004,0.000378,0.008585,-0.002394,2.523339,0.703046,0.914162,2.679168,-58.669552,168.739731
576,-0.000019,0.000422,-0.000009,0.000618,0.009458,-0.002583,-0.371189,1.386033,-1.720152,95.382286,-56.157600,85.771263
577,-0.000033,0.000173,0.000083,0.000492,0.005032,-0.000034,-2.480550,-4.209586,1.905151,35.861816,-72.381645,140.659317
578,-0.000030,0.000200,0.000086,0.000589,0.005498,0.000184,2.243477,4.653759,-1.002483,97.405251,-37.365086,86.135780
579,-0.000030,0.000233,0.000079,0.000389,0.006310,-0.000867,-0.930501,-4.198631,-0.027030,112.490623,-60.007595,74.707771
580,-0.000028,0.000266,0.000078,0.000387,0.006887,-0.000853,-0.429258,3.161793,-0.725502,104.489449,-10.944103,79.462311
581,-0.000026,0.000304,0.000077,0.000384,0.007574,-0.000909,0.698765,-1.670689,2.441736,65.088509,-27.399952,93.166573
582,-0.000024,0.000347,0.000074,0.000383,0.008380,-0.001012,-0.518605,1.679495,-3.684557,119.112320,-11.547502,73.961594
583,-0.000022,0.000387,0.000075,0.000377,0.008276,-0.000588,-0.357535,-0.502432,2.770954,76.516220,-8.768427,82.132019
584,-0.000031,0.000181,0.000093,0.000203,0.006540,0.000442,2.062557,-1.941556,-0.609959,80.830238,-52.975777,79.243179
585,-0.000030,0.000217,0.000094,0.000201,0.007409,0.000434,-2.971792,1.746417,1.556575,65.129089,-4.024824,87.365646
586,-0.000029,0.000254,0.000094,0.000198,0.007966,0.000284,3.662232,-2.335291,-3.043723,88.262161,-42.854809,77.474998
587,-0.000028,0.000294,0.000097,0.000196,0.008512,0.000459,-4.562617,2.120618,1.893620,72.097916,6.202931,83.199463
588,-0.000027,0.000338,0.000100,0.000194,0.009155,0.000622,3.386117,-0.902156,0.866766,52.509617,-42.018379,90.143204
589,-0.000026,0.000386,0.000110,0.000194,0.009894,0.001526,-2.134589,1.452013,-2.123864,92.943314,-9.952978,71.325928
590,-0.000042,0.000170,0.000114,-0.000069,0.006160,0.001591,2.325457,-2.893767,2.654549,55.480206,-40.113625,87.654976
591,-0.000043,0.000202,0.000123,-0.000073,0.006961,0.001931,-3.965792,5.897547,-1.102700,83.969215,5.726766,78.185432
592,-0.000043,0.000232,0.000117,-0.000085,0.006958,0.000437,4.074700,-6.971571,-0.777027,84.315414,-17.621840,78.159416
593,-0.000044,0.000268,0.000123,-0.000090,0.007403,0.000576,-3.041763,3.688304,0.908408,78.110985,27.221848,77.480072
594,-0.000044,0.000305,0.000128,-0.000095,0.007873,0.000563,1.147496,-1.258254,0.122279,65.613884,11.129295,73.595139
595,-0.000045,0.000346,0.000133,-0.000100,0.008399,0.000522,-0.096031,2.450553,-0.790230,102.496216,3.427068,78.693520
596,-0.000043,0.000389,0.000139,0.000185,0.008820,0.000727,-0.307787,-2.579927,0.564198,102.865143,13.208323,79.260284
597,-0.000037,0.000181,0.000104,0.000412,0.006045,0.000588,-0.775152,1.333274,-0.576371,112.853149,27.874775,82.270317
598,-0.000035,0.000213,0.000108,0.000506,0.006738,0.000740,2.775061,-2.137538,1.861926,100.141853,10.559026,77.813950
599,-0.000032,0.000253,0.000113,0.000603,0.007843,0.000892,-1.299867,2.726956,-2.444916,129.349915,19.065380,85.369949
600,-0.000029,0.000293,0.000116,0.000696,0.008456,0.000745,-0.164175,-3.509741,1.757288,145.073181,38.348747,93.195122
601,-0.000025,0.000336,0.000117,0.000789,0.009074,0.000523,0.874131,3.352859,-1.274084,117.790733,-1.746547,83.957260
602,-0.000023,0.000379,0.000112,0.000636,0.009311,-0.000396,0.091920,-2.494267,1.312529,118.014435,-5.496773,84.484444
603,-0.000025,0.000164,0.000104,0.000445,0.005667,0.000613,-0.523282,-0.483648,-0.791598,165.305511,19.559757,90.051086
604,-0.000023,0.000194,0.000108,0.000441,0.006300,0.000691,-1.465146,1.452425,1.742238,111.298927,46.700012,57.992710
605,-0.000021,0.000230,0.000102,0.000436,0.007277,-0.000297,1.840607,-1.024350,-2.786472,157.666107,15.140635,83.691666
606,-0.000019,0.000266,0.000100,0.000431,0.007860,-0.000533,-2.115588,0.039353,1.301306,134.358841,64.236473,67.263634
607,-0.000017,0.000306,0.000097,0.000427,0.008533,-0.000787,1.572472,-0.438988,0.146475,146.372330,52.566006,77.749634
608,-0.000015,0.000350,0.000094,0.000422,0.009184,-0.000950,-0.790657,2.510132,1.833592,74.561630,35.142963,23.884596
609,-0.000012,0.000393,0.000090,0.000417,0.009617,-0.001236,1.335328,-1.400103,-4.352063,126.070793,27.778046,52.520954
610,-0.000032,0.000166,0.000066,0.000087,0.005011,-0.000633,0.510064,-1.995642,4.006003,91.385307,41.121998,32.004383
611,-0.000032,0.000190,0.000061,0.000079,0.005328,-0.000740,-2.215876,2.924966,-2.122476,123.912933,32.592426,51.730637
612,-0.000031,0.000216,0.000049,0.000067,0.005704,-0.001570,4.977855,-0.243191,0.132506,124.072098,-11.250684,51.730362
613,-0.000031,0.000246,0.000040,0.000060,0.006152,-0.001906,-4.444014,-2.817960,-0.194802,142.975357,29.199375,54.975475
614,-0.000031,0.000278,0.000028,0.000053,0.006618,-0.002348,2.177897,2.094055,0.517306,110.792862,-13.442408,50.308075
615,-0.000029,0.000316,0.000017,0.000292,0.007647,-0.002342,-3.466497,-0.057131,-0.325674,116.362541,38.340878,51.911785
616,-0.000027,0.000356,0.000005,0.000383,0.008305,-0.002497,4.447894,0.403151,0.256664,111.940727,-5.975318,50.880390
617,-0.000031,0.000167,0.000109,0.000490,0.005507,0.001687,-3.188811,-1.376166,0.384817,114.585373,40.707314,51.173065
618,-0.000031,0.000196,0.000116,0.000286,0.006142,0.001699,2.739557,3.241775,0.538203,94.151924,-9.025807,44.726124
619,-0.000030,0.000229,0.000122,0.000282,0.006915,0.001624,-0.917710,-3.490172,-1.936229,123.996162,-3.022497,41.469967
620,-0.000028,0.000268,0.000128,0.000278,0.007768,0.001572,-0.818795,1.452296,2.152931,72.773514,11.826110,37.173218
621,-0.000027,0.000310,0.000133,0.000271,0.008525,0.001366,2.108658,-0.336642,-1.203223,97.078056,-30.305716,33.208794
622,-0.000026,0.000354,0.000140,0.000266,0.009231,0.001374,-0.827836,0.309324,-0.977246,132.181595,10.355902,26.832294
623,-0.000033,0.000145,0.000112,0.000127,0.004398,0.001512,0.292983,-1.445832,2.812925,111.697922,14.245327,22.024723
624,-0.000032,0.000164,0.000118,0.000120,0.004624,0.001623,-1.681043,1.856140,-3.503994,147.441422,22.731993,33.405437
625,-0.000031,0.000181,0.000114,0.000110,0.004649,0.000581,1.616220,0.479576,3.385003,113.891182,12.422440,22.862955
626,-0.000031,0.000206,0.000116,0.000104,0.005158,0.000422,0.291563,-0.034212,-1.370286,161.662903,-5.115097,26.094154
627,-0.000030,0.000233,0.000119,0.000097,0.005561,0.000391,-1.721701,-3.634944,-1.364297,-148.972504,15.638781,31.018005
628,-0.000030,0.000263,0.000129,0.000096,0.006241,0.001476,1.287989,4.131754,2.953408,-171.543030,14.497158,24.979837
629,-0.000029,0.000296,0.000137,0.000092,0.006925,0.001623,0.162872,-2.682475,-2.940342,-140.948105,-0.790748,28.603983
630,-0.000034,0.000173,0.000102,0.000020,0.006065,0.000489,-0.797436,2.446119,1.797759,-155.034851,12.924962,27.397100
631,-0.000034,0.000210,0.000093,0.000020,0.007339,-0.000621,0.214231,-3.327728,-0.250566,-108.379478,0.612596,33.283642
632,-0.000034,0.000249,0.000092,0.000019,0.008230,-0.000714,-0.154821,2.857459,-0.180677,-129.684891,3.978970,32.410461
633,-0.000033,0.000293,0.000089,0.000017,0.009121,-0.000815,0.488568,-1.734603,-0.224241,-100.606117,-13.955724,29.578815
634,-0.000033,0.000337,0.000089,0.000015,0.009559,-0.000416,-1.114344,-0.220096,0.107493,-93.141731,38.454151,31.031471
635,-0.000033,0.000387,0.000087,0.000012,0.010258,-0.000320,-0.647527,3.898590,0.798333,-61.169189,76.808426,59.439915
636,-0.000033,0.000440,0.000087,0.000009,0.010920,-0.000047,0.481351,-5.529761,-1.064209,-96.406525,26.524351,28.519369
637,-0.000038,0.000187,0.000017,-0.000055,0.006524,-0.003530,-0.104921,2.837986,1.537568,-65.075424,47.465900,48.643364
638,-0.000039,0.000223,-0.000003,-0.000058,0.007404,-0.003986,0.079436,-0.953958,-1.472615,-123.292816,21.666950,12.715561
639,-0.000039,0.000262,-0.000023,-0.000062,0.008129,-0.004238,-0.420656,3.386843,-0.683068,-170.286209,34.594700,-10.388961
640,-0.000039,0.000305,-0.000043,-0.000066,0.008969,-0.004395,1.057269,-2.582888,2.012615,-119.229439,23.310719,16.012094
641,-0.000040,0.000354,-0.000054,-0.000065,0.009865,-0.003211,1.069503,0.751415,-1.166109,-159.810883,-9.315133,10.541784
642,-0.000040,0.000405,-0.000070,-0.000067,0.010623,-0.002958,-1.918730,0.588504,0.529701,-170.521393,36.472389,7.912357
643,-0.000040,0.000460,-0.000084,-0.000069,0.011369,-0.002632,1.799379,-2.305921,-0.831299,-136.195465,-6.190622,17.960089
644,-0.000037,0.000160,0.000054,0.000259,0.004766,-0.000955,-3.526123,2.062467,0.564442,-152.560211,37.679207,13.439585
645,-0.000035,0.000185,0.000048,0.000352,0.005230,-0.001039,2.984334,-1.562867,0.702546,-127.673279,-2.353171,21.595369
646,-0.000033,0.000211,0.000041,0.000445,0.005567,-0.001135,-4.068471,1.615862,-2.755774,-165.684799,37.527802,9.080483
647,-0.000032,0.000236,0.000032,0.000295,0.005842,-0.001441,4.514508,-1.306545,5.049332,-142.165161,28.630409,22.125433
648,-0.000031,0.000266,0.000025,0.000292,0.006490,-0.001484,-4.848053,1.390261,-4.880594,172.573059,43.302094,-5.735932
649,-0.000030,0.000301,0.000017,0.000290,0.007219,-0.001500,6.591264,-1.032195,3.263057,177.551620,23.985537,-2.934033
650,-0.000026,0.000114,0.000076,0.000292,0.003112,-0.000317,-4.299354,0.419513,-2.294186,170.743851,58.319336,-7.878501
651,-0.000025,0.000129,0.000080,0.000288,0.003567,0.000328,5.784832,-0.362430,2.822470,169.046646,53.019028,-9.524012
652,-0.000023,0.000148,0.000083,0.000286,0.004234,0.000546,-5.045838,0.724119,-4.330941,170.304047,49.106583,-8.660467
653,-0.000022,0.000173,0.000086,0.000284,0.005040,0.000770,3.749671,-0.230845,5.111375,158.347534,61.053772,-18.792938
654,-0.000021,0.000208,0.000091,0.000286,0.006882,0.001127,-1.304535,-2.836207,-3.893941,-151.345093,27.683126,19.239840
655,-0.000019,0.000244,0.000099,0.000283,0.007747,0.001561,-1.643838,3.259595,2.934799,171.763947,63.166691,-8.967654
656,-0.000018,0.000284,0.000109,0.000281,0.008582,0.001993,3.852061,-0.189845,-2.102270,177.483582,18.457344,-4.978341
657,-0.000031,0.000157,0.000128,0.000055,0.004480,0.001654,-6.991648,-2.844061,-0.846453,-144.235306,60.030064,21.303677
658,-0.000030,0.000179,0.000138,0.000051,0.004869,0.001990,6.294366,3.914542,2.564360,-171.414749,61.997658,-2.609706
659,-0.000030,0.000203,0.000151,0.000046,0.005124,0.002384,-4.663836,-2.843278,-3.776630,-144.032959,45.608017,19.902945
660,-0.000030,0.000225,0.000166,0.000040,0.005151,0.002856,4.199184,0.941444,3.891549,-124.318382,41.012260,33.494270
661,-0.000030,0.000252,0.000181,0.000035,0.005622,0.003095,-2.750791,-1.082440,-2.537634,-155.559433,44.906178,11.546149
662,-0.000029,0.000281,0.000197,0.000031,0.006102,0.003312,1.297396,0.835385,1.136123,-168.334808,45.656460,2.201310
663,-0.000032,0.000129,0.000089,-0.000005,0.003753,-0.000091,1.244504,1.309938,-0.288315,152.805542,12.274885,-17.801886
664,-0.000032,0.000154,0.000086,-0.000012,0.004770,-0.000295,0.190870,-2.125595,1.294914,-176.762375,16.569347,-9.955716
665,-0.000032,0.000180,0.000084,-0.000019,0.005462,-0.000214,-2.372933,2.342359,-1.310253,136.161606,39.370090,-33.319759
666,-0.000032,0.000209,0.000083,-0.000025,0.006175,-0.000199,2.523058,1.626160,1.090923,106.182793,-0.850974,-43.952599
667,-0.000032,0.000241,0.000077,-0.000033,0.006747,-0.000901,-4.118981,-4.551490,-1.680451,134.058990,32.801445,-35.580238
668,-0.000033,0.000275,0.000073,-0.000040,0.007243,-0.000964,3.066642,2.599807,2.723836,94.705536,-0.958899,-47.059616
669,-0.000033,0.000311,0.000068,-0.000048,0.007643,-0.001077,-1.524605,0.370326,-3.449600,144.382324,18.307823,-38.608334
670,-0.000040,0.000142,0.000076,-0.000133,0.005215,-0.001006,-0.717418,-1.429033,1.669692,151.086884,51.427544,-34.832031
671,-0.000040,0.000170,0.000071,-0.000140,0.005987,-0.001223,0.153804,0.987022,0.269809,96.346230,19.552094,-69.530418
672,-0.000041,0.000202,0.000064,-0.000146,0.006758,-0.001438,0.260019,-1.045113,-1.706020,146.535767,13.843988,-54.166382
673,-0.000042,0.000229,0.000063,-0.000156,0.006627,-0.000863,0.546038,-0.343083,0.848683,137.059357,-3.099980,-55.075703
674,-0.000043,0.000264,0.000060,-0.000163,0.007104,-0.000735,-0.777205,1.705715,0.919626,88.046822,16.000225,-60.776249
675,-0.000044,0.000298,0.000059,-0.000170,0.007458,-0.000500,-1.286521,-2.713061,-2.239751,128.857330,40.341473,-40.108780
676,-0.000044,0.000335,0.000059,-0.000175,0.007810,-0.000388,2.457081,2.744218,2.448168,87.120300,4.898489,-57.379036
677,-0.000031,0.000162,0.000048,0.000105,0.005403,-0.001685,-3.703835,-2.595059,-0.890799,99.467819,50.531475,-51.546791
678,-0.000030,0.000191,0.000041,0.000102,0.005983,-0.001754,3.836356,2.336910,-1.196098,107.445328,0.051587,-47.925991
679,-0.000030,0.000223,0.000032,0.000098,0.006623,-0.001842,-3.575978,-1.002386,1.663267,85.461632,46.269966,-57.423725
680,-0.000029,0.000263,0.000033,0.000099,0.007784,-0.000976,3.760217,-1.491055,-2.055995,111.771439,25.385126,-41.563011
681,-0.000029,0.000302,0.000030,0.000095,0.008300,-0.000645,-2.045445,3.284462,3.851529,57.483421,26.327412,-66.480446
682,-0.000028,0.000342,0.000030,0.000091,0.008712,-0.000256,1.516367,-2.050410,-3.607769,85.784477,27.078314,-53.425167
683,-0.000026,0.000379,0.000033,0.000325,0.008431,0.000482,-1.506666,-1.082350,1.832041,22.175089,49.515285,-95.821999
684,-0.000022,0.000183,0.000074,0.000610,0.006496,-0.000162,0.974358,3.041227,1.082995,57.420475,6.237745,-77.688026
685,-0.000019,0.000217,0.000074,0.000704,0.007294,-0.000081,-1.451784,-1.839747,-1.156368,56.980072,41.585979,-78.038170
686,-0.000018,0.000250,0.000084,0.000495,0.007466,0.001067,0.697502,0.237400,0.435684,44.040222,-9.566240,-81.959305
687,-0.000016,0.000289,0.000090,0.000492,0.008167,0.001419,0.601029,-0.868682,-1.837831,64.065651,-32.732491,-89.259796
688,-0.000013,0.000334,0.000096,0.000489,0.008966,0.001665,-0.817676,2.855467,2.569357,50.181732,5.359302,-85.477562
689,-0.000011,0.000383,0.000097,0.000486,0.009858,0.000979,0.242675,-0.228169,-2.221237,88.546867,2.162475,-82.504807
