Index,Translation X [m],Translation Y [m], Translation Z [m],Velocity X [m/s], Velocity Y [m/s], Velocity Z [m/s],Angular acceleration X [rad/s^2],Angular acceleration Y [rad/s^2],Angular acceleration Z [rad/s^2],Roll [degrees],Pitch[degrees],Yaw[degrees]
1,0.000000,0.000000,0.000000,0.000000,0.000000,0.000000,-3.012132,-0.149001,-4.623183,-176.239182,52.967159,-172.463989
2,0.000000,0.000000,0.000000,0.000000,0.000000,0.000000,4.463616,0.808854,4.572211,-155.905289,6.230463,-0.000004
3,-0.000003,0.000046,-0.000007,-0.000231,0.003370,-0.000506,-3.371077,0.738071,-0.540941,-177.433304,55.699959,-12.351907
4,-0.000004,0.000064,-0.000002,-0.000272,0.003916,0.000232,3.572396,-2.033010,0.341972,-147.675369,25.969933,8.058068
5,-0.000006,0.000085,0.000001,-0.000313,0.004595,0.000544,-2.264611,1.556093,-1.742111,157.868896,44.493248,-25.553434
6,-0.000008,0.000112,0.000005,-0.000353,0.005368,0.000827,2.047386,-0.444217,2.442880,144.631226,47.563515,-35.293945
7,-0.000008,0.000145,0.000005,-0.000151,0.006608,0.000397,-2.264455,0.327927,-1.436069,166.546387,56.350349,-17.612995
8,-0.000008,0.000180,0.000007,-0.000095,0.007452,0.000336,-0.177980,-0.545413,-0.818698,-152.808319,21.058655,9.901039
9,-0.000009,0.000220,0.000008,-0.000038,0.008392,0.000265,1.631341,0.322768,2.863792,-135.294846,10.378749,14.546528
10,-0.000010,0.000264,0.000010,-0.000223,0.009300,0.000343,-3.831285,-0.928662,-3.666847,-160.397034,40.955189,2.729507
11,-0.000089,0.000184,0.000310,-0.001392,0.007259,0.004563,5.426267,2.238065,3.509610,-170.280365,28.749983,-3.635851
12,-0.000096,0.000223,0.000332,-0.001427,0.008146,0.004469,-3.621604,-1.653729,-2.579244,-150.608063,49.061722,8.074380
13,-0.000103,0.000267,0.000354,-0.001462,0.009010,0.004417,3.036024,-0.262076,1.479051,-133.975464,29.553564,18.193035
14,-0.000107,0.000310,0.000382,-0.001167,0.009436,0.004913,-4.472983,2.427545,-0.271332,162.601196,69.341896,-36.053570
15,-0.000113,0.000360,0.000404,-0.001107,0.010160,0.004781,4.065809,-4.012029,-1.376519,-146.494659,38.078125,7.385967
16,-0.000118,0.000414,0.000424,-0.001046,0.011009,0.004553,-0.785648,3.665949,2.927900,157.933960,69.228279,-41.435421
17,-0.000123,0.000476,0.000440,-0.000986,0.012224,0.003763,-1.288996,-2.282171,-3.664987,-155.502625,29.697330,-3.074563
18,-0.000121,0.000166,0.000040,-0.001475,0.006583,-0.003818,2.656228,1.622942,2.072659,-165.540466,13.588302,-6.709982
19,-0.000129,0.000200,0.000021,-0.001481,0.007031,-0.004024,-2.683806,-3.060198,-0.811948,-121.105515,37.358135,13.677528
20,-0.000136,0.000239,0.000000,-0.001484,0.007844,-0.004211,2.348103,2.258833,0.596178,-134.574341,27.651728,6.589252
21,-0.000143,0.000280,-0.000023,-0.001491,0.008434,-0.004568,-3.222218,-0.935730,0.323481,-100.460014,67.118828,33.567982
22,-0.000151,0.000323,-0.000046,-0.001497,0.008935,-0.004865,2.394470,-0.022312,-1.756905,-139.595642,34.147858,1.807351
23,-0.000158,0.000366,-0.000077,-0.001506,0.009291,-0.005895,-0.288476,-0.354687,1.676083,-76.843704,43.690819,43.931812
24,-0.000064,0.000180,0.000014,0.000518,0.006823,-0.004593,-0.708271,1.082557,-1.493441,-163.101883,60.559700,-29.460796
25,-0.000061,0.000216,-0.000010,0.000598,0.007406,-0.005054,0.527889,-0.433285,1.115445,-78.659599,59.734005,46.915550
26,-0.000058,0.000254,-0.000036,0.000676,0.007988,-0.005449,-1.148776,-2.298329,-0.898970,-109.048126,29.305498,24.452700
27,-0.000055,0.000294,-0.000059,0.000760,0.008510,-0.005312,1.235612,3.173791,2.204342,-90.539421,38.133682,34.838757
28,-0.000051,0.000342,-0.000089,0.000840,0.009353,-0.005825,-2.037953,-2.675426,-3.902402,-137.992798,26.850647,7.579718
29,-0.000047,0.000394,-0.000122,0.000920,0.010270,-0.006378,2.271346,3.111357,2.944188,-142.537994,24.982763,5.550575
30,-0.000044,0.000450,-0.000161,0.000760,0.011315,-0.007420,-2.448400,-4.243370,0.008773,-97.744911,30.051741,27.002069
31,-0.000055,0.000101,-0.000069,0.000106,0.004491,-0.004941,2.276719,2.306167,-2.270944,-133.612534,12.191427,14.343892
32,-0.000054,0.000125,-0.000094,0.000066,0.004918,-0.005028,-1.658977,-2.043834,1.644340,-80.798180,31.672945,36.144173
33,-0.000051,0.000165,-0.000117,0.000343,0.006874,-0.004987,3.073064,2.226508,-0.798503,-87.063530,11.051003,34.141674
34,-0.000049,0.000200,-0.000143,0.000403,0.007651,-0.005108,-3.008876,1.312343,1.793923,-46.448509,51.829617,57.489323
35,-0.000047,0.000238,-0.000167,0.000464,0.008300,-0.005049,-0.007130,-2.783635,-3.632954,-114.602425,30.784494,8.446465
36,-0.000045,0.000271,-0.000193,0.000519,0.007855,-0.005337,0.746054,-1.337707,4.087059,-60.177578,14.272218,30.905222
37,-0.000060,0.000130,-0.000015,0.000067,0.005961,-0.004135,-2.050320,4.663256,-2.371929,-56.233356,46.849331,33.650913
38,-0.000060,0.000160,-0.000039,0.000101,0.006484,-0.004827,2.669151,-2.015675,1.821332,-51.370789,-5.879689,35.721622
39,-0.000059,0.000192,-0.000065,0.000139,0.006991,-0.005402,-3.504740,-1.841003,-2.590170,-90.459648,31.559967,26.280771
40,-0.000059,0.000219,-0.000072,0.000177,0.006680,-0.004003,4.115542,2.462832,3.091133,-61.247711,7.168339,36.309933
41,-0.000058,0.000255,-0.000094,0.000216,0.007217,-0.004135,-3.065899,-0.351481,-1.887367,-99.697914,49.350826,16.035421
42,-0.000056,0.000293,-0.000114,0.000255,0.007676,-0.004183,3.397483,-0.454461,-0.117508,-100.395653,8.229971,15.457298
43,-0.000055,0.000336,-0.000135,0.000292,0.008647,-0.004152,-1.043701,-0.063376,0.843724,-55.963585,44.544777,36.753826
44,-0.000061,0.000125,-0.000027,0.000008,0.005989,-0.002894,-2.056229,0.717196,0.080464,38.768082,79.044968,127.323296
45,-0.000061,0.000156,-0.000041,0.000037,0.006640,-0.003014,2.235619,-0.443387,-2.652490,171.920486,62.250198,-101.584007
46,-0.000064,0.000182,-0.000052,-0.000249,0.006502,-0.002671,0.577426,-0.131133,4.170915,10.446810,72.703186,98.390778
47,-0.000065,0.000218,-0.000065,-0.000317,0.007260,-0.002665,-2.667588,-0.242150,-3.848408,-177.830948,56.145164,-90.677223
48,-0.000067,0.000258,-0.000079,-0.000385,0.007958,-0.002648,0.869037,-0.491782,0.588433,-138.573700,48.114349,-59.121979
49,-0.000069,0.000301,-0.000097,-0.000451,0.008901,-0.003347,1.221553,0.279437,2.574422,-87.295662,52.074184,-18.636459
50,-0.000072,0.000347,-0.000114,-0.000519,0.009755,-0.003635,-4.269298,-0.170684,-2.679960,-163.827377,60.888039,-85.750908
51,-0.000043,0.000082,-0.000023,-0.000273,0.003780,-0.002268,5.728206,1.370631,2.591449,-174.063232,58.488930,-95.026016
52,-0.000042,0.000114,-0.000030,-0.000042,0.005579,-0.002014,-5.021496,-1.376140,-2.679519,-152.925873,59.342422,-76.837715
53,-0.000042,0.000141,-0.000040,-0.000010,0.006169,-0.002058,4.851735,-0.127761,2.709660,-129.604523,52.793652,-57.230675
54,-0.000042,0.000171,-0.000051,0.000023,0.006804,-0.002203,-4.355601,1.192140,-0.860788,144.215851,74.131607,-138.076004
55,-0.000042,0.000208,-0.000064,0.000056,0.007619,-0.002404,2.495715,-1.542032,-2.383900,-168.739761,35.198521,-96.729622
56,-0.000042,0.000246,-0.000072,0.000088,0.007868,-0.001831,-1.105336,1.469208,3.294129,150.080688,73.968544,-132.702179
57,-0.000041,0.000292,-0.000082,0.000122,0.008741,-0.001778,0.822021,0.030204,-2.421432,173.798386,22.330837,-112.952354
58,-0.000032,0.000181,0.000060,0.000155,0.008429,-0.000045,-1.555567,-0.911153,1.382713,-145.901627,65.593925,-82.790459
59,-0.000031,0.000220,0.000065,0.000187,0.008781,0.000404,3.745580,1.750172,-0.234196,-179.868210,48.573215,-112.173225
60,-0.000030,0.000266,0.000065,0.000218,0.009544,0.000279,-4.271585,-3.894113,-0.291410,-107.992249,52.786079,-53.677002
61,-0.000029,0.000316,0.000063,0.000248,0.010324,0.000051,2.427440,3.274414,0.230425,-135.997803,65.068001,-78.350517
62,-0.000028,0.000368,0.000056,0.000276,0.010842,-0.000875,-1.045976,-0.947169,0.622120,-63.035156,48.746506,-14.306176
63,-0.000027,0.000423,0.000051,0.000306,0.011577,-0.001202,1.887955,0.003972,-2.361513,-108.835617,29.980652,-45.040432
64,-0.000015,0.000189,0.000044,0.000360,0.006811,0.000767,-2.221637,0.766279,3.194195,-41.661808,52.152168,3.304436
65,-0.000013,0.000236,0.000046,0.000395,0.008706,0.000670,3.518719,-0.612839,-1.248205,-61.675247,24.088488,-9.470963
66,-0.000011,0.000282,0.000049,0.000427,0.009705,0.000714,-3.001108,-0.980519,-0.997966,-105.533897,60.753551,-41.443104
67,-0.000009,0.000335,0.000051,0.000457,0.010814,0.000655,1.863352,1.837675,1.537036,-44.614033,69.345497,14.940121
68,-0.000006,0.000393,0.000053,0.000488,0.011949,0.000602,-3.615943,-0.601664,-1.497031,-153.276291,68.588173,-90.419037
69,-0.000004,0.000443,0.000056,0.000512,0.011475,0.000555,3.439469,-1.070668,1.431312,-112.769897,53.075581,-54.444767
70,-0.000001,0.000504,0.000062,0.000543,0.012147,0.000754,-2.553872,2.690499,-1.378897,141.940567,60.268406,-150.133148
71,-0.000008,0.000178,-0.000011,0.000238,0.006764,-0.000666,1.795305,-0.903205,1.663664,113.540405,74.805679,-177.339233
72,-0.000010,0.000217,-0.000012,-0.000056,0.007700,-0.000426,-0.958082,-2.278577,-2.804561,-149.118820,41.436565,-86.316788
73,-0.000011,0.000256,-0.000013,-0.000130,0.008242,-0.000241,1.446663,1.669402,2.822937,-148.432693,58.532204,-85.756042
74,-0.000012,0.000297,-0.000013,-0.000204,0.008787,-0.000122,-0.323873,0.607669,-1.285327,162.642746,25.467443,-120.813881
75,-0.000011,0.000340,-0.000016,-0.000040,0.009065,-0.000334,-1.998963,-0.797877,0.182784,-149.336945,68.968819,-81.902512
76,-0.000011,0.000386,-0.000018,-0.000018,0.009589,-0.000323,2.241290,0.592294,-0.131542,-171.838470,50.738201,-101.851234
77,-0.000010,0.000147,-0.000029,-0.000025,0.006457,-0.001367,-3.405010,-1.235043,0.380412,-89.114342,71.661491,-25.307060
78,-0.000013,0.000175,-0.000032,-0.000300,0.006534,-0.001014,1.419937,1.357753,-2.148049,179.463486,51.174931,-110.094849
79,-0.000014,0.000207,-0.000038,-0.000377,0.006914,-0.001068,0.443114,-0.641971,1.618908,-110.838943,70.238495,-46.748367
80,-0.000016,0.000242,-0.000044,-0.000454,0.007393,-0.001067,0.777115,-0.352446,1.016427,-49.622952,37.953175,6.312076
81,-0.000019,0.000282,-0.000048,-0.000531,0.007967,-0.000983,-1.323456,1.780609,-1.092453,23.599699,83.720421,76.572647
82,-0.000022,0.000326,-0.000056,-0.000608,0.008839,-0.001537,3.593040,-2.425031,-0.343175,-79.258995,62.522034,-24.745142
83,-0.000025,0.000371,-0.000061,-0.000685,0.009394,-0.001527,-2.314080,1.408302,0.997471,43.917370,64.624901,92.825417
84,0.000015,0.000136,-0.000008,-0.000132,0.006964,0.000351,0.922157,-0.961544,-0.213913,-22.096191,64.829742,31.825180
85,0.000018,0.000165,-0.000007,0.000110,0.006925,0.000221,-1.036214,2.643530,-2.021963,111.459305,57.231441,159.588272
86,0.000018,0.000200,-0.000006,0.000131,0.007317,0.000046,0.764162,-2.420619,4.101680,18.711285,58.660583,76.147148
87,0.000019,0.000237,-0.000006,0.000153,0.007611,-0.000097,-2.060700,-0.070387,-3.112672,168.752029,66.229866,-137.421448
88,0.000019,0.000274,-0.000010,0.000175,0.007770,-0.000626,0.425227,1.609890,1.234048,80.849098,43.803902,144.876907
89,0.000020,0.000314,-0.000015,0.000199,0.008176,-0.001057,1.540195,-4.609674,-0.274143,68.150787,67.128799,134.329605
90,0.000022,0.000355,-0.000023,0.000223,0.008542,-0.001617,-4.506196,3.869597,-0.910083,102.734421,49.585754,164.477386
91,0.000044,0.000147,-0.000046,0.000264,0.007786,-0.001722,6.091697,-0.171150,1.967610,86.120529,18.154551,154.476822
92,0.000045,0.000189,-0.000055,0.000192,0.008667,-0.002021,-4.524147,0.797358,0.430011,76.480247,65.247742,147.192123
93,0.000046,0.000234,-0.000063,0.000121,0.009446,-0.002164,3.344656,-3.952973,-0.814520,-1.263426,86.439369,73.356483
94,0.000044,0.000284,-0.000054,-0.000191,0.010292,0.000058,-1.360265,4.471378,-1.212158,104.643394,39.177193,174.957581
95,0.000043,0.000337,-0.000052,-0.000360,0.011051,0.000545,0.632968,-2.995445,2.046449,67.439201,59.896317,145.997864
96,0.000041,0.000394,-0.000048,-0.000529,0.011761,0.000990,-0.468379,2.225786,-1.528106,116.432053,24.332233,-178.122864
97,0.000014,0.000113,0.000059,-0.001146,0.008374,0.004416,-0.882365,0.882851,0.918443,61.648903,35.935627,151.826279
98,0.000017,0.000126,0.000066,-0.000365,0.006263,0.003392,-0.092526,-0.980144,-1.828642,115.953278,53.903946,-168.102264
99,0.000015,0.000157,0.000084,-0.000254,0.006223,0.003598,3.787780,0.326919,1.719084,91.460068,25.376003,175.438629
100,0.000014,0.000187,0.000103,-0.000143,0.006183,0.003842,-2.459795,-1.750999,-0.952309,138.645767,69.912964,-146.192596
101,0.000014,0.000230,0.000126,-0.000026,0.007950,0.004399,-0.046733,-0.926257,0.287473,-87.407150,54.357319,-17.094893
102,0.000014,0.000272,0.000149,0.000089,0.008708,0.004825,-0.690652,3.352210,-0.872009,129.985229,73.580124,-156.504181
103,0.000015,0.000318,0.000175,0.000205,0.009506,0.005386,2.373464,-4.412612,1.337678,-93.063744,63.149597,-22.251823
104,-0.000001,0.000265,-0.000050,0.000167,0.009723,0.001076,-4.041001,5.171352,0.500404,83.287079,65.099632,153.720245
105,0.000001,0.000317,-0.000049,0.000281,0.010726,0.000992,1.888687,-3.421302,-1.484517,-154.921982,73.824150,-87.483498
106,0.000002,0.000375,-0.000046,0.000393,0.011781,0.000982,-1.024456,1.772191,1.455835,56.133484,52.334595,126.670479
107,0.000003,0.000428,-0.000052,0.000252,0.011552,-0.000349,1.129361,-1.687794,-0.369334,15.544260,63.369392,92.057205
108,0.000004,0.000487,-0.000055,0.000262,0.012029,-0.000719,-2.707290,0.164129,-0.514974,155.453232,81.113510,-129.843521
109,0.000005,0.000548,-0.000060,0.000272,0.012490,-0.001094,3.884453,-0.447972,-1.121089,179.564804,58.490334,-106.518990
110,-0.000002,0.000102,-0.000205,0.000093,0.003660,-0.003091,-0.530660,0.262149,1.795612,16.254305,68.254433,92.657867
111,-0.000002,0.000140,-0.000223,0.000101,0.005681,-0.003580,0.389041,2.030819,-0.867628,91.489449,36.235367,157.025864
112,-0.000002,0.000170,-0.000242,0.000107,0.006481,-0.004094,0.447963,-4.071048,-1.312183,126.648369,59.481846,-176.786911
113,-0.000001,0.000205,-0.000264,0.000113,0.007388,-0.004724,-1.822496,3.735176,2.501169,64.226463,34.152809,134.515503
114,-0.000002,0.000245,-0.000296,-0.000121,0.008351,-0.006109,2.483604,-0.917140,-1.054502,74.485855,8.191093,137.479828
115,-0.000003,0.000289,-0.000328,-0.000210,0.009210,-0.006905,-4.834931,-0.755898,-1.140519,90.215149,60.526688,146.549118
116,-0.000004,0.000338,-0.000365,-0.000298,0.010110,-0.007710,-0.121410,-0.529646,0.446421,-24.776323,55.670921,40.188763
117,-0.000028,0.000098,-0.000236,-0.000827,0.004577,-0.004016,0.677371,1.753903,1.207710,28.453276,20.548054,76.117332
118,-0.000033,0.000124,-0.000259,-0.000918,0.005336,-0.004746,-0.132388,-1.993983,-2.791219,18.308542,41.191097,69.672821
119,-0.000038,0.000155,-0.000286,-0.001009,0.006202,-0.005551,0.472745,2.940643,3.248671,37.915100,1.995360,76.478554
120,-0.000043,0.000197,-0.000312,-0.001094,0.008009,-0.005660,0.390527,-2.592663,-2.038745,24.216106,-2.933663,75.309090
121,-0.000049,0.000239,-0.000342,-0.001182,0.009036,-0.005946,0.826376,2.688040,1.164676,60.691288,-14.096007,68.115509
122,-0.000055,0.000287,-0.000372,-0.001271,0.010035,-0.006174,2.360056,-2.363185,-1.623345,67.766502,-56.849205,62.547283
123,-0.000061,0.000339,-0.000403,-0.001359,0.010979,-0.006443,-0.660553,-0.542654,2.634321,12.701441,-22.133486,100.185616
124,-0.000064,0.000170,-0.000402,-0.000700,0.006720,-0.005217,-1.863279,4.547055,-0.682595,60.509605,2.946818,89.859810
125,-0.000067,0.000205,-0.000430,-0.000594,0.007302,-0.005530,1.321589,-6.449739,-2.560766,52.711452,-3.964151,88.585228
126,-0.000069,0.000244,-0.000460,-0.000488,0.007991,-0.005931,0.523865,6.837080,4.166510,58.403061,-2.686074,86.665466
127,-0.000077,0.000296,-0.000505,-0.001014,0.009577,-0.007598,-2.990838,-6.496156,-3.110643,52.210293,17.646912,84.305878
128,-0.000082,0.000344,-0.000539,-0.001101,0.010271,-0.007747,0.363786,4.847080,1.176928,74.023430,-0.822241,86.271942
129,-0.000088,0.000397,-0.000576,-0.001188,0.011073,-0.007982,1.606777,-1.774590,0.690867,45.088764,-33.220287,94.546837
130,-0.000092,0.000453,-0.000602,-0.001031,0.011537,-0.006307,-2.701417,-1.684293,-1.749151,46.293167,-16.866026,92.737656
131,-0.000033,0.000155,-0.000306,-0.000085,0.005748,-0.000641,5.103117,4.896162,1.811595,67.728210,-41.801117,80.313507
132,-0.000034,0.000186,-0.000310,-0.000073,0.006393,-0.000618,-2.683984,-5.919453,-0.295227,40.095821,-53.279255,100.134781
133,-0.000034,0.000220,-0.000294,-0.000050,0.007143,0.001715,2.726352,3.670962,-0.931475,97.860573,-39.472038,55.021893
134,-0.000034,0.000256,-0.000286,-0.000035,0.007635,0.002387,-2.019690,-0.174939,3.028969,53.670650,-11.988125,75.104553
135,-0.000034,0.000291,-0.000272,-0.000020,0.007956,0.003208,2.616511,-0.562140,-4.531741,97.183769,-39.113243,54.030945
136,-0.000034,0.000326,-0.000253,-0.000005,0.008204,0.004036,-4.188286,0.017086,4.489004,59.379051,-6.371832,69.460716
137,0.000007,0.000219,-0.000055,0.000676,0.007333,0.003946,0.825137,0.095452,-2.635468,107.692223,-21.012228,56.520939
138,0.000011,0.000255,-0.000035,0.000693,0.007818,0.003980,-1.676002,-0.055456,1.505583,74.881897,13.750931,58.209621
139,0.000014,0.000295,-0.000015,0.000709,0.008347,0.004005,1.591571,0.397086,-0.707332,100.005066,-33.467960,53.170128
140,0.000018,0.000344,0.000006,0.000729,0.009511,0.004161,0.306270,-2.163291,0.458827,95.054802,-69.999825,57.314663
141,0.000022,0.000393,0.000028,0.000747,0.010256,0.004407,-2.461493,2.325200,0.804918,79.795380,-22.828854,69.385376
142,0.000025,0.000445,0.000052,0.000766,0.010922,0.004690,5.555083,-2.075712,-1.733911,114.046295,-72.426392,41.656448
143,0.000028,0.000494,0.000078,0.000538,0.010718,0.005115,-5.255619,2.292643,1.302646,88.472931,-39.768448,63.972485
144,0.000020,0.000232,0.000120,0.000253,0.007226,0.004406,3.417034,-1.558835,-0.236217,-153.796021,-86.460770,-53.220268
145,0.000021,0.000270,0.000142,0.000174,0.007841,0.004370,-3.251515,1.574520,-1.307458,140.873337,-58.145802,11.597184
146,0.000022,0.000305,0.000157,0.000089,0.007885,0.003617,2.412816,0.670132,2.152845,32.912285,-60.621525,110.996246
147,0.000022,0.000348,0.000173,0.000010,0.008539,0.003142,-2.545978,-4.570494,-3.237428,-61.301846,-71.744125,-159.556686
148,0.000022,0.000394,0.000183,-0.000070,0.009276,0.002425,1.157453,6.013478,3.248417,48.136093,-45.266129,98.376289
149,0.000025,0.000452,0.000184,0.000339,0.011068,0.001076,-3.465076,-4.848761,-2.038563,21.942738,-52.089584,118.801788
150,-0.000002,0.000175,0.000099,0.000156,0.005282,0.002174,5.399696,2.366928,1.340702,59.746010,-63.123375,86.135803
151,-0.000001,0.000203,0.000108,0.000267,0.006000,0.001926,-5.015995,-0.959596,-0.944983,66.239281,-51.279465,80.390831
152,0.000001,0.000235,0.000117,0.000378,0.006709,0.001716,4.043526,0.324347,0.678864,34.347366,-77.639854,110.004051
153,-0.000000,0.000270,0.000129,0.000159,0.007381,0.001910,-2.607247,0.518284,-0.847909,86.708168,-66.142609,59.678024
154,0.000001,0.000308,0.000139,0.000172,0.007920,0.001886,2.677322,1.791577,2.572255,37.418201,-43.752712,101.170387
155,0.000002,0.000346,0.000150,0.000185,0.008336,0.001994,-1.993654,-2.788137,-3.463463,34.411964,-62.399307,104.100578
156,0.000003,0.000384,0.000162,0.000194,0.008425,0.002146,-0.385924,0.985024,1.787842,29.671528,-11.472567,106.962440
157,-0.000006,0.000239,-0.000019,0.000074,0.007818,-0.002119,-0.328006,0.699989,0.484820,52.038208,17.570103,107.504761
158,-0.000005,0.000281,-0.000030,0.000086,0.008688,-0.002491,0.982999,-1.634534,-0.396720,32.107689,3.371361,103.524536
159,-0.000005,0.000321,-0.000030,0.000092,0.008930,-0.001387,0.385278,0.857668,-0.841993,81.922966,-11.138206,99.550972
160,-0.000005,0.000366,-0.000037,0.000101,0.009542,-0.001386,1.193886,-1.385505,0.604832,50.158134,-48.059410,116.599617
161,-0.000004,0.000416,-0.000046,0.000110,0.010201,-0.001478,-2.003966,2.869437,0.734237,66.693390,3.223661,109.666939
162,-0.000005,0.000471,-0.000058,-0.000123,0.011158,-0.001823,4.466944,-3.995289,-1.355686,63.178032,-34.202225,111.042603
163,-0.000006,0.000528,-0.000067,-0.000210,0.011851,-0.001738,-3.334570,2.956240,1.760833,60.705753,18.246765,111.768028
164,-0.000015,0.000294,-0.000016,-0.000451,0.008722,-0.000539,2.436132,-0.948477,-0.819253,65.634689,-20.702972,111.295876
165,-0.000017,0.000340,-0.000020,-0.000542,0.009563,-0.000643,-3.637044,2.986373,-0.815462,87.527313,26.885061,112.435402
166,-0.000024,0.000378,-0.000027,-0.000980,0.009368,-0.000966,4.924636,-2.623490,1.338014,74.113533,-4.837537,109.824028
167,-0.000029,0.000427,-0.000031,-0.001168,0.010022,-0.000894,-6.638443,1.595090,-1.383556,91.065643,45.892868,116.600121
168,-0.000036,0.000479,-0.000034,-0.001356,0.010675,-0.000827,4.195923,-1.541479,0.642246,83.185524,23.043791,112.388420
169,-0.000041,0.000536,-0.000037,-0.001299,0.011484,-0.000771,-2.369817,0.395096,-0.496543,111.033615,66.268341,134.011017
170,-0.000044,0.000223,0.000018,-0.001293,0.005590,0.000168,-1.355614,0.282637,0.399229,37.926220,69.802559,64.697090
171,-0.000051,0.000252,0.000018,-0.001384,0.006167,0.000005,2.850692,3.105062,0.561393,64.361320,24.125357,85.828094
172,-0.000056,0.000286,0.000018,-0.001176,0.006953,0.000031,-2.481760,-4.499512,-1.606864,52.453873,66.188148,76.623268
173,-0.000062,0.000322,0.000021,-0.001170,0.007480,0.000270,1.835029,3.336903,1.193855,65.382874,13.918724,85.995743
174,-0.000067,0.000359,0.000025,-0.001165,0.007997,0.000510,-0.243882,-2.838047,-1.270142,64.899620,31.715517,86.041374
175,-0.000073,0.000397,0.000032,-0.001158,0.008090,0.000986,-0.941992,2.132289,0.188621,84.401360,23.949774,95.524147
176,-0.000079,0.000438,0.000038,-0.001152,0.008477,0.001043,1.069963,-3.873104,0.911222,64.009575,30.143604,86.480507
177,-0.000020,0.000210,0.000034,-0.000077,0.005148,0.000932,-3.377606,4.671382,-0.163032,90.362495,35.496643,100.387413
178,-0.000021,0.000237,0.000046,-0.000067,0.005668,0.001372,2.112077,-4.154723,-0.653449,101.560349,43.310944,107.172340
179,-0.000021,0.000270,0.000064,-0.000047,0.006609,0.002308,1.412271,1.931874,0.453303,85.448463,-7.116570,101.414795
180,-0.000021,0.000305,0.000076,-0.000034,0.007284,0.002453,-2.556098,-3.302213,-0.025177,82.301552,21.281572,101.096855
181,-0.000021,0.000343,0.000087,-0.000021,0.007964,0.002482,1.164010,3.947701,0.440143,83.532448,-12.710396,101.359230
182,-0.000023,0.000388,0.000091,-0.000252,0.009059,0.001391,1.006168,-2.127381,-1.792293,118.645760,-37.289986,86.069016
183,-0.000025,0.000434,0.000098,-0.000336,0.009733,0.001191,-1.133685,1.104797,4.321646,63.167873,-20.773535,115.236511
184,-0.000007,0.000257,0.000028,-0.000220,0.007280,0.001251,1.380418,1.197528,-4.368576,121.468239,-27.696888,89.033714
185,-0.000006,0.000280,0.000024,-0.000007,0.006593,0.000300,-2.121333,-0.076411,1.735246,94.018135,3.152173,95.122322
186,-0.000006,0.000314,0.000025,0.000005,0.006956,0.000146,1.940782,-0.023600,0.965094,65.120323,-42.769424,105.975998
187,-0.000006,0.000349,0.000026,0.000018,0.007252,0.000068,-2.934941,-2.234180,-0.428779,55.283787,-32.035526,112.315041
188,-0.000005,0.000389,0.000032,0.000033,0.007904,0.000655,3.304501,2.091719,-1.534109,109.408638,-52.157223,73.852051
189,-0.000005,0.000429,0.000035,0.000046,0.008312,0.000683,-1.715415,-1.909881,0.390381,121.659676,-61.852558,64.307869
190,-0.000010,0.000252,0.000009,0.000013,0.007225,0.000627,0.831316,1.168233,1.678954,47.089859,-38.227116,125.263405
191,-0.000010,0.000288,0.000012,0.000027,0.007831,0.000752,-0.238870,0.293183,-2.334496,107.031425,-37.830608,85.987358
192,-0.000014,0.000321,0.000013,-0.000306,0.007853,0.000580,0.544668,-0.984881,2.082992,37.178276,-50.885620,138.332825
193,-0.000016,0.000362,0.000018,-0.000390,0.008518,0.000773,-1.142056,3.373367,-1.837050,90.518562,-18.816696,105.121506
194,-0.000018,0.000408,0.000024,-0.000474,0.009269,0.001084,1.221119,-3.346515,3.586317,42.720543,-35.724068,128.583252
195,-0.000020,0.000465,0.000035,-0.000551,0.010960,0.001810,-1.656334,1.799386,-4.558772,94.036392,-22.955017,102.200439
196,-0.000023,0.000522,0.000045,-0.000634,0.011777,0.002044,0.113663,-2.431398,2.616617,48.160233,-33.002895,125.256691
197,-0.000017,0.000238,-0.000032,-0.000621,0.005945,-0.001262,-0.517141,-0.488681,-0.006946,23.039326,-12.647885,134.752060
198,-0.000021,0.000269,-0.000037,-0.000701,0.006598,-0.001416,0.768285,5.187903,0.530925,70.815941,-10.526916,124.180000
199,-0.000024,0.000304,-0.000048,-0.000784,0.007271,-0.002015,-0.202872,-5.704027,-0.827946,59.646126,-18.366005,126.933975
200,-0.000028,0.000343,-0.000063,-0.000868,0.007958,-0.002647,0.145448,3.482312,0.590139,79.251152,-3.015912,123.026016
201,-0.000033,0.000386,-0.000077,-0.000953,0.008911,-0.002838,1.756770,-1.504257,0.727077,51.296925,-41.805176,134.616959
202,-0.000038,0.000433,-0.000091,-0.001036,0.009727,-0.003069,-0.200166,0.008517,-1.331238,112.533531,-41.156418,91.862312
203,-0.000043,0.000483,-0.000107,-0.001120,0.010575,-0.003310,0.141339,-0.375031,0.981433,40.629486,-50.629391,147.389130
204,-0.000011,0.000261,-0.000012,-0.000363,0.007024,-0.000093,-0.225617,-1.246400,0.015535,-32.714561,-48.347607,-153.634705
205,-0.000013,0.000301,-0.000008,-0.000350,0.008066,-0.000051,-0.196989,2.890687,-2.571041,44.100616,-76.134666,134.911713
206,-0.000015,0.000349,-0.000003,-0.000337,0.009300,0.000091,1.634905,-2.975097,3.769928,-32.212330,-37.686375,-155.298325
207,-0.000017,0.000403,0.000000,-0.000322,0.010517,0.000140,-3.837375,0.700987,-2.114684,-39.137589,-15.385376,-152.209549
208,-0.000021,0.000445,-0.000006,-0.000606,0.009843,-0.000703,2.873647,1.402170,0.498421,2.234756,-58.069855,-179.600342
209,-0.000024,0.000495,-0.000015,-0.000691,0.010279,-0.001246,-2.513242,-2.200927,0.346053,-35.858624,-23.458412,-153.010101
210,-0.000011,0.000271,-0.000034,-0.000531,0.007156,-0.001732,-0.161831,0.535839,-1.612713,-57.615669,-38.681438,-141.431396
211,-0.000011,0.000300,-0.000035,-0.000308,0.007086,-0.001219,1.990163,3.337327,0.930335,21.988815,-58.450378,154.083771
212,-0.000013,0.000337,-0.000043,-0.000296,0.007590,-0.001532,0.003037,-4.004081,0.012442,-60.198784,-41.090008,-138.047089
213,-0.000015,0.000376,-0.000053,-0.000285,0.008057,-0.001890,-1.127190,2.613528,-0.399325,-28.716791,-52.386166,-161.564438
214,-0.000018,0.000421,-0.000064,-0.000512,0.009011,-0.002114,2.703089,-1.956808,0.681952,-68.480072,-52.690804,-129.742462
215,-0.000020,0.000467,-0.000074,-0.000595,0.009687,-0.002181,-2.386217,2.542760,0.650063,-28.255394,-49.531258,-161.740036
216,-0.000024,0.000517,-0.000084,-0.000678,0.010304,-0.002150,1.396220,-3.731308,-1.674057,-95.860504,-34.240726,-113.244339
217,-0.000019,0.000256,-0.000016,-0.000406,0.006039,0.000105,-1.541180,2.860223,1.253480,-76.358978,-38.934620,-124.668564
218,-0.000021,0.000290,-0.000019,-0.000392,0.006648,-0.000017,0.767394,-0.984591,-0.882575,-124.958084,-32.728546,-94.416969
219,-0.000023,0.000325,-0.000021,-0.000378,0.007188,-0.000051,-0.933909,1.120134,-0.082525,-153.364807,-17.310162,-82.083778
220,-0.000025,0.000361,-0.000026,-0.000365,0.007635,-0.000201,-0.060635,-3.485060,1.097963,-100.218620,-7.596222,-94.440819
221,-0.000030,0.000403,-0.000031,-0.000640,0.008651,-0.000120,-0.689917,4.122941,-1.514972,-128.405640,-4.552623,-91.650444
222,-0.000033,0.000445,-0.000040,-0.000725,0.009183,-0.000457,2.377648,-3.451477,1.117599,-86.209808,-28.955797,-104.806366
223,-0.000037,0.000492,-0.000048,-0.000809,0.009784,-0.000729,-2.149901,2.543339,-0.082765,-84.724030,-17.789841,-106.032761
224,-0.000025,0.000238,-0.000045,-0.000667,0.005818,-0.001776,0.962636,-0.915452,-0.741809,-122.162544,-37.284019,-87.122314
225,-0.000029,0.000268,-0.000054,-0.000750,0.006437,-0.001797,0.037846,1.391412,1.320925,-93.435425,-68.801758,-110.961082
226,-0.000033,0.000301,-0.000062,-0.000833,0.007002,-0.001768,-0.406090,-1.754989,-1.752921,-127.572845,-20.418287,-84.167915
227,-0.000037,0.000334,-0.000069,-0.000918,0.007164,-0.001626,-1.564249,-0.225581,2.367660,-89.892601,2.060188,-90.461334
228,-0.000042,0.000371,-0.000077,-0.000999,0.007775,-0.001564,1.922385,1.721874,-3.211318,-133.653656,-20.672405,-83.033737
229,-0.000047,0.000412,-0.000084,-0.001081,0.008422,-0.001435,-2.924281,-1.995306,1.247029,-102.000343,21.824108,-82.834938
230,-0.000025,0.000230,-0.000032,-0.000696,0.005653,-0.001525,3.956798,1.560748,1.990694,-83.592842,-13.106161,-80.932037
231,-0.000029,0.000261,-0.000041,-0.000775,0.006282,-0.001775,-3.322257,-2.255126,-2.276673,-113.936089,29.374289,-85.370918
232,-0.000033,0.000294,-0.000051,-0.000854,0.006908,-0.002032,3.963693,2.799445,1.733384,-109.137398,8.963973,-83.792664
233,-0.000037,0.000330,-0.000063,-0.000933,0.007532,-0.002286,-2.208752,-2.438733,-2.048165,-128.077271,32.810398,-90.758408
234,-0.000035,0.000357,-0.000040,-0.000533,0.007339,-0.000222,0.522579,2.900235,2.683252,-120.296074,56.401417,-85.325027
235,-0.000037,0.000402,-0.000047,-0.000516,0.008154,-0.000359,-0.756844,-2.873236,-3.148567,-135.983780,17.188158,-95.473213
236,-0.000040,0.000450,-0.000054,-0.000500,0.008940,-0.000464,0.192192,2.153755,1.972752,-140.219650,29.926355,-97.576111
237,-0.000042,0.000502,-0.000069,-0.000484,0.010162,-0.001618,-2.007829,-2.375176,0.015643,-96.600807,39.977852,-71.761826
238,-0.000018,0.000275,-0.000018,-0.000040,0.006170,-0.000463,2.897236,1.195561,-1.112873,-116.920074,12.621534,-80.804352
239,-0.000018,0.000308,-0.000019,-0.000023,0.006724,-0.000497,-2.476029,-1.212044,0.055157,-97.826195,54.893143,-69.152428
240,-0.000021,0.000354,-0.000015,-0.000308,0.008437,0.000120,2.188695,1.603763,0.741803,-79.089104,55.803680,-53.697300
241,-0.000023,0.000398,-0.000015,-0.000387,0.009367,0.000164,-0.872585,-0.841178,0.207027,-76.365990,45.253784,-51.705650
242,-0.000025,0.000447,-0.000014,-0.000465,0.010227,0.000249,1.384110,-0.092931,-1.301997,-113.332832,15.023236,-71.739899
243,-0.000024,0.000490,-0.000014,-0.000069,0.009806,0.000191,0.088356,0.471219,0.215202,-112.368759,20.159576,-71.970024
244,-0.000019,0.000323,0.000027,0.000272,0.006890,0.000809,-1.294887,-0.653045,1.029577,-59.198742,45.826340,-40.316753
245,-0.000018,0.000359,0.000031,0.000385,0.007426,0.000920,2.840167,1.293484,-2.621122,-88.002922,38.947350,-59.918953
246,-0.000018,0.000397,0.000029,0.000207,0.008031,0.000255,-2.872446,-0.685128,4.969484,-24.864651,37.294907,-18.334831
247,-0.000017,0.000443,0.000029,0.000226,0.008952,0.000034,1.013960,-2.099873,-4.178084,-79.243935,35.591259,-52.303085
248,-0.000016,0.000492,0.000026,0.000246,0.009804,-0.000436,-2.970385,5.383306,1.737249,-9.306793,68.522240,7.223803
249,-0.000014,0.000544,0.000017,0.000265,0.010533,-0.001075,3.703255,-6.316357,-0.235817,-66.633751,32.176903,-40.623920
250,-0.000025,0.000232,-0.000014,0.000084,0.004408,-0.001794,-1.985161,1.775165,-2.125566,-127.884422,70.686790,-92.210999
251,-0.000025,0.000254,-0.000024,0.000098,0.004756,-0.002248,2.506355,2.002533,3.081843,0.873054,70.790604,34.197323
252,-0.000024,0.000277,-0.000035,0.000112,0.005069,-0.002618,-2.557792,-2.537612,-3.383481,-134.903595,53.955929,-97.133240
253,-0.000024,0.000299,-0.000027,0.000127,0.005143,-0.000725,2.981234,-0.032075,2.793122,-95.050880,43.728489,-66.369507
254,-0.000023,0.000327,-0.000030,0.000142,0.005612,-0.000406,-2.201179,1.117492,-0.906571,168.094757,71.884613,-155.395233
255,-0.000022,0.000356,-0.000030,0.000157,0.005966,-0.000050,1.630618,-0.771222,-1.202277,-164.795273,29.589857,-132.717285
256,-0.000021,0.000390,-0.000034,0.000172,0.006901,-0.000451,-2.324456,1.300888,2.059271,149.464447,76.032448,-172.934692
257,-0.000026,0.000247,-0.000029,0.000124,0.005882,-0.001272,0.597837,-1.867535,-1.831273,-146.019379,32.753674,-115.129906
258,-0.000025,0.000277,-0.000035,0.000141,0.006508,-0.001352,-1.927752,1.766764,1.365694,153.810318,77.258781,-169.350174
259,-0.000022,0.000311,-0.000042,0.000445,0.007169,-0.001511,5.898198,-4.248962,-3.351489,-152.328369,43.691574,-119.739517
260,-0.000019,0.000344,-0.000044,0.000557,0.007453,-0.001222,-8.496399,5.347429,5.191087,85.735435,78.698326,122.468948
261,-0.000016,0.000376,-0.000045,0.000667,0.007600,-0.000874,5.589689,-4.307895,-5.381018,-163.334335,56.875187,-129.739380
262,-0.000012,0.000409,-0.000044,0.000778,0.007779,-0.000583,-2.659039,3.210828,3.634718,62.181351,65.490540,101.250481
263,-0.000011,0.000459,-0.000051,0.000604,0.009528,-0.001240,2.339240,-2.445340,-0.821386,-7.993350,82.535828,33.143238
264,-0.000013,0.000271,-0.000007,0.000513,0.006294,0.000009,-0.668499,1.719210,-0.850173,112.714005,42.341976,150.769318
265,-0.000010,0.000304,-0.000005,0.000529,0.006867,0.000144,0.115135,-1.950654,-0.517549,176.602722,54.209507,-159.261337
266,-0.000007,0.000339,-0.000005,0.000544,0.007399,0.000082,0.657022,1.058348,0.373207,120.925095,31.274990,160.490784
267,-0.000004,0.000377,-0.000005,0.000557,0.007896,0.000080,-2.713386,0.648839,2.009090,55.676022,57.659729,111.093575
268,-0.000002,0.000416,-0.000004,0.000570,0.008219,0.000125,2.394529,-0.402846,-4.113177,121.542145,49.316605,166.321732
269,0.000003,0.000451,-0.000002,0.000818,0.007996,0.000318,-0.666356,-1.219109,3.381610,29.876556,59.878563,86.223465
270,-0.000036,0.000247,-0.000004,0.000355,0.006007,-0.000485,0.300321,2.113889,-1.171819,95.308289,29.417831,136.349304
271,-0.000034,0.000279,-0.000007,0.000463,0.006671,-0.000609,0.149234,-1.591016,1.237729,53.791519,42.319408,110.935905
272,-0.000036,0.000316,-0.000003,-0.000013,0.007622,0.000116,0.259484,0.837633,-2.053489,115.523438,27.676779,149.090546
273,-0.000036,0.000354,-0.000004,-0.000098,0.008242,0.000198,0.547900,-1.372910,1.508449,90.100716,35.700085,135.644028
274,-0.000037,0.000396,-0.000004,-0.000184,0.008877,0.000244,-0.782682,1.400776,-1.109150,125.354385,25.068886,154.218048
275,-0.000038,0.000440,-0.000004,-0.000269,0.009504,0.000280,0.209238,-1.441791,1.559881,110.067070,42.334686,145.860565
276,-0.000037,0.000490,-0.000008,-0.000065,0.010456,-0.000165,-2.012144,2.244455,-2.248339,134.436798,32.533180,161.235352
277,-0.000046,0.000257,-0.000027,-0.000131,0.006057,-0.001235,1.251617,-0.808456,2.125900,109.591469,31.693661,147.602737
278,-0.000046,0.000286,-0.000033,-0.000120,0.006549,-0.001434,-1.642591,-0.871849,-2.327040,173.533600,41.542213,-171.644608
279,-0.000047,0.000318,-0.000033,-0.000111,0.007031,-0.000884,3.426169,0.644516,1.336130,161.664795,14.954848,-177.382935
280,-0.000047,0.000355,-0.000038,-0.000100,0.007682,-0.000880,-3.277155,0.249621,-0.213455,155.946259,65.078079,178.638229
281,-0.000048,0.000395,-0.000043,-0.000090,0.008300,-0.000927,2.064515,2.069254,-0.145876,120.883759,24.023193,152.098572
282,-0.000050,0.000436,-0.000052,-0.000323,0.008581,-0.001580,1.450765,-1.160740,-0.254911,143.970474,-5.963151,156.206924
283,-0.000052,0.000480,-0.000061,-0.000410,0.009027,-0.001837,-2.593240,-1.794438,1.225757,156.988235,31.956875,159.628159
284,-0.000055,0.000285,-0.000033,-0.000617,0.006491,-0.000997,2.909671,1.409640,-0.276206,138.873535,-16.139959,156.714203
285,-0.000055,0.000321,-0.000034,-0.000410,0.007299,-0.000671,-1.783740,-1.745883,-1.313556,179.547760,16.891312,156.851562
286,-0.000057,0.000358,-0.000035,-0.000398,0.007810,-0.000453,3.930981,2.762693,1.781668,150.496521,-18.149717,157.187134
287,-0.000059,0.000397,-0.000034,-0.000385,0.008322,-0.000102,-5.175591,-4.323809,-0.655751,-177.592102,17.912046,157.167435
288,-0.000061,0.000440,-0.000030,-0.000373,0.008899,0.000302,2.369066,3.629465,-0.253034,138.834000,-12.689949,154.984894
289,-0.000060,0.000485,-0.000040,-0.000078,0.009425,-0.001038,-0.632713,-2.307088,-0.168964,-179.218674,-3.308433,149.111343
290,-0.000026,0.000272,-0.000002,0.000682,0.006577,0.000634,-1.461593,0.145699,-0.045882,173.804611,49.834930,145.920364
291,-0.000022,0.000307,0.000001,0.000790,0.007263,0.000660,2.179303,1.020119,-0.299153,153.224045,9.171240,134.840759
292,-0.000021,0.000344,0.000003,0.000568,0.007861,0.000668,-3.084313,0.729109,0.641188,127.114265,58.116531,118.651909
293,-0.000018,0.000385,0.000006,0.000579,0.008545,0.000564,4.133945,-3.194440,0.185072,161.371140,53.689938,147.345322
294,-0.000015,0.000429,0.000006,0.000588,0.009168,0.000288,-3.435260,4.665089,-1.187259,109.543617,39.026165,108.214279
295,-0.000013,0.000473,-0.000000,0.000595,0.009386,-0.000585,4.406464,-5.006817,1.953876,108.343452,38.411320,107.771126
296,-0.000009,0.000521,-0.000003,0.000605,0.009972,-0.000723,-4.402741,2.985784,-1.484563,116.714485,52.221882,114.058884
297,-0.000036,0.000257,0.000025,0.000117,0.005685,0.001726,1.860421,0.006443,-0.038251,117.076363,18.223000,113.914497
298,-0.000038,0.000286,0.000027,-0.000174,0.006258,0.001089,-2.478342,1.091791,0.815020,77.240540,55.060619,87.829475
299,-0.000039,0.000320,0.000030,-0.000261,0.006941,0.000851,1.832828,-2.671334,-1.042632,104.153404,74.282318,112.587326
300,-0.000040,0.000357,0.000031,-0.000348,0.007620,0.000520,-2.472528,2.755762,0.425659,81.900795,44.371277,92.750206
301,-0.000042,0.000399,0.000025,-0.000435,0.008532,-0.000550,0.725437,-1.320579,0.836638,33.431160,44.286385,57.953468
302,-0.000045,0.000443,0.000021,-0.000522,0.009321,-0.000999,2.818727,0.241790,-1.398803,51.420902,19.971367,67.979317
303,-0.000047,0.000491,0.000015,-0.000609,0.010141,-0.001405,-2.865838,-2.422090,0.969147,-2.215765,54.709393,32.592571
304,-0.000057,0.000242,-0.000049,-0.000788,0.005365,-0.002029,1.928175,2.269848,-0.697574,46.789452,32.219040,67.966553
305,-0.000058,0.000264,-0.000063,-0.000551,0.005405,-0.002526,-1.404511,1.686089,0.620606,68.824440,37.841831,80.442039
306,-0.000061,0.000292,-0.000075,-0.000546,0.005855,-0.002969,-0.458903,-3.902423,0.198878,12.475078,64.519203,33.688713
307,-0.000063,0.000322,-0.000091,-0.000541,0.006275,-0.003468,1.460163,1.418502,-0.573303,65.098640,38.126053,76.890854
308,-0.000068,0.000357,-0.000108,-0.000774,0.006956,-0.003617,-2.947006,0.117468,-0.653893,119.266396,77.139984,126.155434
309,-0.000072,0.000392,-0.000126,-0.000863,0.007429,-0.003871,4.810882,1.359460,1.666569,79.375923,54.234047,88.994911
310,-0.000066,0.000243,0.000015,-0.000813,0.005764,0.000968,-5.347053,-1.327581,-1.175734,-151.225845,80.053703,-144.370529
311,-0.000070,0.000272,0.000019,-0.000902,0.006242,0.000870,5.067326,3.230620,0.566945,114.997864,65.933365,123.946701
312,-0.000075,0.000305,0.000020,-0.000989,0.006889,0.000565,-3.761828,-5.007508,-0.877544,-110.148369,58.425545,-106.316422
313,-0.000080,0.000343,0.000018,-0.001076,0.007607,0.000136,1.673848,4.804332,2.183741,32.718502,83.961739,35.505646
